3 
------------------------------------------------------------ 
CSHORE model run defaults 
------------------------------------------------------------ 
1                                         ->ILINE
1                                         ->IPROFL
0                                         ->ISEDAV
0                                         ->IPERM
1                                         ->IOVER
0                                         ->IWTRAN
0                                         ->IPOND
0                                         ->INFILT
0                                         ->IWCINT
1                                         ->IROLL 
0                                         ->IWIND 
0                                         ->ITIDE 
0                                         ->IVEG  
     1.0000                                ->DXC
     0.8000                                ->GAMMA 
     0.3000     0.0448     2.6500         ->D50 WF SG
     0.0050     0.0100     0.5000     0.1000              ->EFFB EFFF SLP
     0.6300     0.0010                    ->TANPHI BLP
     0.0200                               ->RWH 
0                                         ->ILAB
356                                       ->NWAVE 
356                                       ->NSURGE 
       0.00     6.2533     1.2973     0.0000
    3600.00     6.9444     1.3059     0.0000
    7200.00     6.7400     1.1517     0.0000
   10800.00     6.5872     1.0875     0.0000
   14400.00     7.2202     1.0115     0.0000
   18000.00     7.4255     0.9795     0.0000
   21600.00     7.1243     0.9327     0.0000
   25200.00     7.5188     0.9866     0.0000
   28800.00     7.5442     0.9238     0.0000
   32400.00     7.4957     0.9997     0.0000
   36000.00     7.7369     1.1025     0.0000
   39600.00     7.5979     1.0233     0.0000
   43200.00     7.2904     1.0245     0.0000
   46800.00     8.0000     0.9682     0.0000
   50400.00     7.3118     1.0146     0.0000
   54000.00     7.2085     1.0680     0.0000
   57600.00     7.2202     1.0277     0.0000
   61200.00     7.0743     0.9930     0.0000
   64800.00     7.2380     0.9829     0.0000
   72000.00     6.9602     0.9385     0.0000
   75600.00     7.3290     0.8587     0.0000
   79200.00     7.4906     0.8562     0.0000
   82800.00     7.5351     0.8643     0.0000
   86400.00     7.0420     0.8396     0.0000
   90000.00     7.1685     0.8228     0.0000
   93600.00     7.8205     0.8367     0.0000
   97200.00     7.3376     0.8242     0.0000
  100800.00     6.2893     0.7493     0.0000
  104400.00     7.5759     0.7849     0.0000
  108000.00     7.4573     0.7997     0.0000
  111600.00     7.6923     0.7728     0.0000
  115200.00     7.3431     0.7406     0.0000
  118800.00     7.2608     0.7384     0.0000
  122400.00     8.2645     0.7356     0.0000
  126000.00     6.7682     0.7245     0.0000
  129600.00     7.6223     0.6935     0.0000
  133200.00     7.1813     0.6443     0.0000
  136800.00     6.9239     0.6787     0.0000
  140400.00     7.0980     0.6768     0.0000
  144000.00     7.6482     0.6660     0.0000
  147600.00     7.7091     0.6611     0.0000
  151200.00     8.2620     0.6155     0.0000
  154800.00     7.2072     0.5865     0.0000
  158400.00     8.3139     0.5993     0.0000
  162000.00     9.0779     0.6344     0.0000
  165600.00     7.8585     0.6370     0.0000
  169200.00     8.6976     0.6551     0.0000
  172800.00     6.5631     0.7548     0.0000
  176400.00     4.3243     0.8281     0.0000
  180000.00     4.6519     0.9213     0.0000
  183600.00     5.2321     1.1186     0.0000
  187200.00     6.0606     1.2025     0.0000
  190800.00     6.1097     1.3284     0.0000
  194400.00     6.3618     1.4900     0.0000
  198000.00     6.6890     1.4626     0.0000
  201600.00     6.8640     1.6136     0.0000
  205200.00     6.9368     1.8056     0.0000
  208800.00     7.1685     1.9436     0.0000
  212400.00     7.2140     1.8324     0.0000
  216000.00     7.9249     1.6749     0.0000
  219600.00     7.6190     1.6743     0.0000
  223200.00     7.2298     1.6837     0.0000
  226800.00     7.9326     1.6397     0.0000
  230400.00     8.2474     1.6901     0.0000
  234000.00     7.9908     1.5937     0.0000
  237600.00     8.1390     1.6671     0.0000
  241200.00     8.2988     1.6298     0.0000
  244800.00     8.6050     1.6385     0.0000
  248400.00     8.2992     1.6484     0.0000
  252000.00     8.8652     1.6878     0.0000
  255600.00     8.4777     1.6332     0.0000
  259200.00     8.4633     1.5644     0.0000
  262800.00     8.3507     1.4535     0.0000
  266400.00     8.0552     1.3835     0.0000
  270000.00    10.1661     1.4701     0.0000
  273600.00     8.1301     1.4867     0.0000
  277200.00     8.0082     1.4692     0.0000
  280800.00     8.0992     1.5581     0.0000
  284400.00     8.2816     1.5062     0.0000
  288000.00    11.4993     1.4730     0.0000
  291600.00    10.1052     1.4860     0.0000
  295200.00    12.5392     1.3672     0.0000
  298800.00    11.1703     1.3986     0.0000
  302400.00    10.2215     1.3806     0.0000
  306000.00     9.7800     1.3977     0.0000
  309600.00    11.8522     1.3848     0.0000
  313200.00    12.2795     1.3407     0.0000
  316800.00    11.8343     1.3605     0.0000
  320400.00    12.4805     1.3520     0.0000
  324000.00    10.8016     1.3729     0.0000
  327600.00    11.7302     1.3611     0.0000
  331200.00    12.1672     1.2382     0.0000
  334800.00    10.6949     1.2556     0.0000
  338400.00     9.8280     1.3473     0.0000
  342000.00    10.2981     1.2388     0.0000
  345600.00    11.0125     1.2682     0.0000
  349200.00    12.4611     1.2670     0.0000
  352800.00    11.1490     1.2149     0.0000
  356400.00    11.1935     1.2395     0.0000
  360000.00    12.4224     1.1754     0.0000
  363600.00    13.2452     1.3282     0.0000
  367200.00    12.2933     1.2631     0.0000
  370800.00    12.3457     1.1657     0.0000
  374400.00    12.0571     1.2595     0.0000
  378000.00    12.1355     1.1495     0.0000
  381600.00    11.5274     1.0721     0.0000
  385200.00    11.4644     1.0739     0.0000
  388800.00    11.2972     1.0756     0.0000
  392400.00    11.1421     1.1356     0.0000
  396000.00    12.3075     1.0611     0.0000
  399600.00    10.9761     1.0439     0.0000
  403200.00    11.2360     1.1265     0.0000
  406800.00    10.8557     1.1298     0.0000
  410400.00    10.9406     1.1412     0.0000
  414000.00    10.4439     1.1412     0.0000
  417600.00    10.8019     1.1877     0.0000
  421200.00    11.8566     1.2299     0.0000
  424800.00    13.3779     1.3172     0.0000
  428400.00    12.4440     1.3289     0.0000
  432000.00    12.7695     1.2385     0.0000
  435600.00    13.0293     1.2976     0.0000
  439200.00    12.5786     1.3083     0.0000
  442800.00    13.1236     1.3795     0.0000
  446400.00    12.4611     1.3725     0.0000
  450000.00    13.4230     1.4973     0.0000
  453600.00    10.6037     1.4934     0.0000
  457200.00    12.7796     1.4811     0.0000
  460800.00    12.5749     1.5270     0.0000
  464400.00    13.4957     1.5946     0.0000
  468000.00    12.7389     1.7187     0.0000
  471600.00    14.2561     1.6780     0.0000
  475200.00    13.9776     1.6526     0.0000
  478800.00    13.2890     1.4946     0.0000
  482400.00    13.2013     1.6563     0.0000
  486000.00    12.6895     1.6456     0.0000
  489600.00    11.7994     1.6339     0.0000
  493200.00    11.5390     1.5579     0.0000
  496800.00     8.4922     1.4381     0.0000
  500400.00     6.2893     1.4277     0.0000
  504000.00     7.0428     1.5138     0.0000
  507600.00     8.9386     1.5129     0.0000
  514800.00    12.2029     1.4143     0.0000
  518400.00     9.6434     1.3787     0.0000
  522000.00    11.8694     1.3547     0.0000
  525600.00     8.0451     1.2919     0.0000
  529200.00     8.5207     1.2725     0.0000
  532800.00     7.9051     1.1891     0.0000
  536400.00    10.1588     1.1780     0.0000
  540000.00     9.4981     1.1435     0.0000
  543600.00     8.2816     1.1484     0.0000
  547200.00     8.8404     1.1675     0.0000
  550800.00     9.5550     1.0688     0.0000
  554400.00     9.3197     1.1476     0.0000
  558000.00     9.8161     1.1120     0.0000
  561600.00     9.5026     1.0865     0.0000
  565200.00    10.2564     1.0941     0.0000
  568800.00    10.4580     1.0778     0.0000
  572400.00     9.6503     1.1668     0.0000
  576000.00     9.8039     1.1454     0.0000
  579600.00     9.7001     1.1905     0.0000
  583200.00    10.1831     1.1522     0.0000
  586800.00    10.4439     1.1773     0.0000
  590400.00    10.1223     1.1250     0.0000
  594000.00     9.8482     1.1337     0.0000
  597600.00     9.8280     1.2069     0.0000
  601200.00    10.1000     1.0979     0.0000
  604800.00    10.2761     1.0404     0.0000
  608400.00    10.2828     1.0104     0.0000
  612000.00    10.4273     0.9226     0.0000
  615600.00    10.2927     0.9253     0.0000
  619200.00    10.1266     0.9469     0.0000
  622800.00    10.3982     0.9022     0.0000
  626400.00     9.5661     0.9154     0.0000
  630000.00    10.2564     0.9724     0.0000
  633600.00    10.7151     0.9464     0.0000
  637200.00    10.9804     0.9796     0.0000
  640800.00    11.1111     0.9313     0.0000
  644400.00    10.5238     0.9996     0.0000
  648000.00    10.6530     0.9684     0.0000
  651600.00    10.4987     0.9122     0.0000
  655200.00    10.6059     0.9217     0.0000
  658800.00    10.3356     0.8450     0.0000
  662400.00    10.1010     0.9208     0.0000
  666000.00    10.3227     0.9815     0.0000
  669600.00    11.4100     0.9964     0.0000
  673200.00    11.7994     1.0651     0.0000
  676800.00    11.6984     1.0286     0.0000
  680400.00    12.1845     1.0712     0.0000
  684000.00    11.7994     1.0598     0.0000
  687600.00    12.5196     0.9900     0.0000
  691200.00    11.9888     1.0893     0.0000
  694800.00    11.6959     1.1711     0.0000
  698400.00    12.2615     1.0911     0.0000
  702000.00    11.7327     1.1201     0.0000
  705600.00    11.9048     1.1667     0.0000
  709200.00    11.4190     1.1260     0.0000
  712800.00    11.5137     1.1176     0.0000
  716400.00    11.7302     1.0394     0.0000
  720000.00    12.6324     1.0657     0.0000
  723600.00    12.8810     1.0517     0.0000
  727200.00    12.6582     0.9432     0.0000
  730800.00    13.7435     1.1153     0.0000
  734400.00     6.8570     1.6766     0.0000
  738000.00     7.0547     1.6821     0.0000
  741600.00     7.0547     1.6146     0.0000
  745200.00     7.0141     1.7639     0.0000
  748800.00     7.0671     1.7012     0.0000
  752400.00     6.8210     1.8656     0.0000
  756000.00     6.8713     1.7913     0.0000
  759600.00     7.0423     1.8258     0.0000
  763200.00     7.0673     1.9006     0.0000
  766800.00     7.1826     1.9037     0.0000
  770400.00     6.9085     1.8618     0.0000
  774000.00     7.1651     1.9400     0.0000
  777600.00     6.9588     1.9921     0.0000
  781200.00     7.1429     2.0354     0.0000
  784800.00     7.3092     1.9348     0.0000
  788400.00     7.4024     1.9657     0.0000
  792000.00     7.7071     1.9318     0.0000
  795600.00     7.6263     1.9851     0.0000
  799200.00     7.7433     1.9476     0.0000
  802800.00     7.7071     1.9195     0.0000
  806400.00     7.3873     2.0887     0.0000
  810000.00     7.9216     2.2808     0.0000
  813600.00     7.8278     2.3013     0.0000
  817200.00     7.9457     2.2560     0.0000
  820800.00     8.1411     2.1014     0.0000
  824400.00     8.8652     2.1083     0.0000
  828000.00     8.4524     1.9935     0.0000
  831600.00     7.8601     2.1351     0.0000
  838800.00     9.2121     2.1653     0.0000
  842400.00     7.5313     2.0620     0.0000
  846000.00     7.1174     2.0685     0.0000
  849600.00     8.2409     1.9972     0.0000
  853200.00     8.7780     2.0515     0.0000
  856800.00     8.8067     1.9190     0.0000
  860400.00     8.7430     1.9163     0.0000
  864000.00     8.1004     1.8185     0.0000
  867600.00     9.1701     1.9494     0.0000
  871200.00    15.0223     1.7935     0.0000
  874800.00     8.5568     1.9350     0.0000
  878400.00     6.6445     1.9254     0.0000
  882000.00     7.1137     1.9536     0.0000
  885600.00     7.7420     1.9661     0.0000
  889200.00     8.2988     2.0310     0.0000
  892800.00    15.3556     2.0339     0.0000
  896400.00    15.1730     1.9715     0.0000
  900000.00    15.1515     1.7791     0.0000
  903600.00    11.7283     1.9767     0.0000
  907200.00    15.3659     2.0160     0.0000
  910800.00    13.2450     2.1355     0.0000
  914400.00    14.8773     2.1376     0.0000
  918000.00    15.1937     2.1026     0.0000
  921600.00    14.3369     2.0699     0.0000
  925200.00    10.2225     2.1634     0.0000
  928800.00    15.0348     2.1782     0.0000
  932400.00    16.1290     2.2969     0.0000
  936000.00    16.5301     2.2776     0.0000
  939600.00    15.3653     2.4313     0.0000
  943200.00    16.4609     2.4555     0.0000
  946800.00    13.7777     2.6120     0.0000
  950400.00    13.8231     2.6260     0.0000
  954000.00    15.5039     2.5333     0.0000
  957600.00    14.3578     2.6233     0.0000
  961200.00    12.6936     2.6621     0.0000
  964800.00    16.8067     2.6899     0.0000
  968400.00    16.5301     2.5877     0.0000
  972000.00    15.9317     2.7298     0.0000
  975600.00    16.4609     2.7277     0.0000
  979200.00    15.6585     2.6218     0.0000
  982800.00    13.6077     2.7695     0.0000
  986400.00    15.2091     2.8683     0.0000
  990000.00    15.8981     2.9097     0.0000
  993600.00    15.4818     2.8283     0.0000
  997200.00    12.4224     2.7767     0.0000
 1000800.00    11.4331     2.6108     0.0000
 1004400.00     8.9355     2.6770     0.0000
 1008000.00    11.7302     2.9041     0.0000
 1011600.00    13.1725     2.5874     0.0000
 1015200.00    12.7292     2.5625     0.0000
 1018800.00    12.4224     2.6259     0.0000
 1022400.00    12.7764     2.6648     0.0000
 1026000.00    12.1203     2.5886     0.0000
 1029600.00    13.0293     2.5498     0.0000
 1033200.00    13.4266     2.7498     0.0000
 1036800.00    12.7805     2.7271     0.0000
 1040400.00    13.8408     2.9876     0.0000
 1044000.00    13.7127     2.8110     0.0000
 1047600.00    12.9095     2.9369     0.0000
 1051200.00    13.0293     2.8646     0.0000
 1054800.00    13.4454     2.7971     0.0000
 1058400.00    13.3805     2.7348     0.0000
 1062000.00    14.2857     2.7016     0.0000
 1065600.00    13.7841     2.7868     0.0000
 1069200.00    13.7603     2.7674     0.0000
 1072800.00    14.1844     2.7246     0.0000
 1076400.00    14.7220     2.8143     0.0000
 1080000.00    13.5149     3.0275     0.0000
 1083600.00    13.2013     2.6469     0.0000
 1087200.00    13.4007     2.6857     0.0000
 1090800.00    14.3108     2.5800     0.0000
 1094400.00    13.3779     2.4257     0.0000
 1098000.00    14.3518     2.3379     0.0000
 1101600.00    14.3192     2.5707     0.0000
 1105200.00    14.8148     2.4766     0.0000
 1108800.00    13.7270     2.5450     0.0000
 1112400.00    13.9986     2.3320     0.0000
 1116000.00    14.0845     2.2701     0.0000
 1119600.00    14.3368     2.2226     0.0000
 1123200.00    14.3034     2.2503     0.0000
 1126800.00    15.3257     2.1652     0.0000
 1130400.00    14.8020     2.0832     0.0000
 1134000.00    15.9906     2.1055     0.0000
 1137600.00    17.6991     2.1478     0.0000
 1141200.00    16.2567     2.3517     0.0000
 1144800.00    17.6348     2.3273     0.0000
 1148400.00    16.7364     2.1749     0.0000
 1152000.00    16.2385     2.2774     0.0000
 1155600.00    17.0985     2.1264     0.0000
 1159200.00    16.5289     2.3563     0.0000
 1162800.00    15.9824     2.1359     0.0000
 1166400.00    16.4464     2.3906     0.0000
 1170000.00    16.3934     2.4075     0.0000
 1173600.00    16.5632     2.2196     0.0000
 1177200.00    16.0726     1.8806     0.0000
 1180800.00    16.0000     1.7586     0.0000
 1184400.00    15.5651     1.7744     0.0000
 1188000.00    15.1948     1.4960     0.0000
 1191600.00    15.5642     1.3715     0.0000
 1195200.00    15.3565     1.4341     0.0000
 1198800.00    14.8687     1.2916     0.0000
 1202400.00    15.4440     1.1507     0.0000
 1206000.00    15.6571     1.2471     0.0000
 1209600.00    15.2676     1.0952     0.0000
 1213200.00    13.4228     1.1216     0.0000
 1216800.00    14.5456     1.1077     0.0000
 1220400.00    13.2925     1.0602     0.0000
 1224000.00    14.0351     1.0596     0.0000
 1227600.00    14.2118     0.9051     0.0000
 1231200.00    13.5780     0.8532     0.0000
 1234800.00    13.2013     0.8008     0.0000
 1238400.00    12.0735     0.7789     0.0000
 1242000.00    12.5824     0.7624     0.0000
 1245600.00    12.5000     0.6823     0.0000
 1249200.00    12.1267     0.7245     0.0000
 1252800.00    12.2437     0.6942     0.0000
 1256400.00    11.7647     0.6710     0.0000
 1260000.00    11.7841     0.6186     0.0000
 1263600.00    11.5676     0.6168     0.0000
 1267200.00    12.4611     0.5709     0.0000
 1270800.00    10.4421     0.5988     0.0000
 1274400.00    11.6617     0.5046     0.0000
 1278000.00    11.1421     0.5456     0.0000
 1281600.00    11.4399     0.5203     0.0000
 1285200.00    10.7009     0.5259     0.0000
 1288800.00    10.0000     0.5282     0.0000
 1292400.00    11.4689     0.5119     0.0000
       0.00    -0.0806
    3600.00    -0.0156
    7200.00     0.0846
   10800.00     0.2545
   14400.00     0.3442
   18000.00     0.3080
   21600.00     0.2329
   25200.00     0.1604
   28800.00     0.0030
   32400.00    -0.1633
   36000.00    -0.2502
   39600.00    -0.2602
   43200.00    -0.2193
   46800.00    -0.0972
   50400.00     0.0641
   54000.00     0.2655
   57600.00     0.4090
   61200.00     0.4618
   64800.00     0.4353
   72000.00     0.2065
   75600.00     0.0158
   79200.00    -0.1666
   82800.00    -0.2733
   86400.00    -0.3306
   90000.00    -0.3047
   93600.00    -0.1957
   97200.00    -0.0571
  100800.00     0.0997
  104400.00     0.1546
  108000.00     0.1535
  111600.00     0.1161
  115200.00     0.0315
  118800.00    -0.1138
  122400.00    -0.2609
  126000.00    -0.3598
  129600.00    -0.3599
  133200.00    -0.3012
  136800.00    -0.1716
  140400.00     0.0241
  144000.00     0.2090
  147600.00     0.3512
  151200.00     0.4152
  154800.00     0.4047
  158400.00     0.3486
  162000.00     0.2227
  165600.00     0.0572
  169200.00    -0.0833
  172800.00    -0.1477
  176400.00    -0.1246
  180000.00    -0.0696
  183600.00     0.0704
  187200.00     0.2618
  190800.00     0.4503
  194400.00     0.5270
  198000.00     0.6057
  201600.00     0.5710
  205200.00     0.4365
  208800.00     0.3336
  212400.00     0.1672
  216000.00     0.0228
  219600.00    -0.0446
  223200.00     0.0517
  226800.00     0.1731
  230400.00     0.3431
  234000.00     0.5356
  237600.00     0.7283
  241200.00     0.7963
  244800.00     0.8115
  248400.00     0.7435
  252000.00     0.6079
  255600.00     0.3917
  259200.00     0.2209
  262800.00     0.0972
  266400.00     0.0537
  270000.00     0.1035
  273600.00     0.2248
  277200.00     0.3611
  280800.00     0.5233
  284400.00     0.6477
  288000.00     0.6605
  291600.00     0.5907
  295200.00     0.4848
  298800.00     0.3032
  302400.00     0.1006
  306000.00    -0.0378
  309600.00    -0.0553
  313200.00    -0.0079
  316800.00     0.1201
  320400.00     0.3240
  324000.00     0.5217
  327600.00     0.6890
  331200.00     0.7690
  334800.00     0.7355
  338400.00     0.6547
  342000.00     0.4712
  345600.00     0.2095
  349200.00    -0.0133
  352800.00    -0.1743
  356400.00    -0.2054
  360000.00    -0.1328
  363600.00    -0.0195
  367200.00     0.1625
  370800.00     0.3604
  374400.00     0.4765
  378000.00     0.5107
  381600.00     0.4387
  385200.00     0.2939
  388800.00     0.0895
  392400.00    -0.1340
  396000.00    -0.2766
  399600.00    -0.3310
  403200.00    -0.2576
  406800.00    -0.0684
  410400.00     0.1855
  414000.00     0.4234
  417600.00     0.6651
  421200.00     0.7595
  424800.00     0.7287
  428400.00     0.6268
  432000.00     0.4220
  435600.00     0.1513
  439200.00    -0.0580
  442800.00    -0.1799
  446400.00    -0.1904
  450000.00    -0.1301
  453600.00     0.0608
  457200.00     0.3538
  460800.00     0.5529
  464400.00     0.6695
  468000.00     0.7261
  471600.00     0.6562
  475200.00     0.4572
  478800.00     0.2173
  482400.00    -0.0291
  486000.00    -0.2274
  489600.00    -0.2706
  493200.00    -0.1686
  496800.00     0.0557
  500400.00     0.3353
  504000.00     0.6380
  507600.00     0.8483
  514800.00     0.8824
  518400.00     0.7071
  522000.00     0.4517
  525600.00     0.1438
  529200.00    -0.1625
  532800.00    -0.3304
  536400.00    -0.3244
  540000.00    -0.1772
  543600.00     0.0664
  547200.00     0.3027
  550800.00     0.5669
  554400.00     0.6957
  558000.00     0.7178
  561600.00     0.5905
  565200.00     0.3406
  568800.00     0.0516
  572400.00    -0.2448
  576000.00    -0.4360
  579600.00    -0.4688
  583200.00    -0.3333
  586800.00    -0.0771
  590400.00     0.2252
  594000.00     0.5584
  597600.00     0.7772
  601200.00     0.8288
  604800.00     0.7137
  608400.00     0.4937
  612000.00     0.2071
  615600.00    -0.1659
  619200.00    -0.4318
  622800.00    -0.5639
  626400.00    -0.5295
  630000.00    -0.3436
  633600.00    -0.0798
  637200.00     0.2793
  640800.00     0.5626
  644400.00     0.7090
  648000.00     0.6913
  651600.00     0.5164
  655200.00     0.2756
  658800.00    -0.0855
  662400.00    -0.4164
  666000.00    -0.5841
  669600.00    -0.5839
  673200.00    -0.4272
  676800.00    -0.1250
  680400.00     0.2721
  684000.00     0.5928
  687600.00     0.8137
  691200.00     0.8463
  694800.00     0.7260
  698400.00     0.5101
  702000.00     0.1478
  705600.00    -0.1913
  709200.00    -0.4524
  712800.00    -0.5304
  716400.00    -0.4023
  720000.00    -0.1878
  723600.00     0.1893
  727200.00     0.5347
  730800.00     0.8618
  734400.00     1.0292
  738000.00     0.9930
  741600.00     0.8723
  745200.00     0.5844
  748800.00     0.2498
  752400.00    -0.0439
  756000.00    -0.2274
  759600.00    -0.2528
  763200.00    -0.0717
  766800.00     0.2497
  770400.00     0.6057
  774000.00     0.9129
  777600.00     1.0542
  781200.00     1.0974
  784800.00     1.0185
  788400.00     0.7464
  792000.00     0.3822
  795600.00     0.0706
  799200.00    -0.1217
  802800.00    -0.1061
  806400.00    -0.0142
  810000.00     0.1763
  813600.00     0.5632
  817200.00     0.8978
  820800.00     1.1619
  824400.00     1.2336
  828000.00     1.2060
  831600.00     1.0266
  838800.00     0.3045
  842400.00    -0.0286
  846000.00    -0.1610
  849600.00    -0.1427
  853200.00    -0.0077
  856800.00     0.2413
  860400.00     0.5694
  864000.00     0.8716
  867600.00     1.0126
  871200.00     1.0373
  874800.00     0.9057
  878400.00     0.6306
  882000.00     0.3128
  885600.00    -0.0410
  889200.00    -0.2143
  892800.00    -0.2439
  896400.00    -0.1015
  900000.00     0.0938
  903600.00     0.4696
  907200.00     0.8275
  910800.00     1.0799
  914400.00     1.1465
  918000.00     1.0765
  921600.00     0.8662
  925200.00     0.5936
  928800.00     0.1895
  932400.00    -0.0677
  936000.00    -0.1664
  939600.00    -0.1210
  943200.00     0.0171
  946800.00     0.2765
  950400.00     0.5607
  954000.00     0.8464
  957600.00     0.9721
  961200.00     0.9696
  964800.00     0.8443
  968400.00     0.5762
  972000.00     0.2656
  975600.00     0.0688
  979200.00    -0.0691
  982800.00    -0.1003
  986400.00     0.0208
  990000.00     0.2903
  993600.00     0.5706
  997200.00     0.9087
 1000800.00     1.0879
 1004400.00     1.1766
 1008000.00     1.0831
 1011600.00     0.8692
 1015200.00     0.5974
 1018800.00     0.2532
 1022400.00     0.0559
 1026000.00    -0.0332
 1029600.00    -0.0686
 1033200.00     0.0623
 1036800.00     0.2541
 1040400.00     0.5672
 1044000.00     0.7445
 1047600.00     0.8581
 1051200.00     0.8573
 1054800.00     0.7232
 1058400.00     0.4820
 1062000.00     0.2154
 1065600.00    -0.0164
 1069200.00    -0.1093
 1072800.00    -0.0870
 1076400.00     0.0046
 1080000.00     0.1798
 1083600.00     0.4963
 1087200.00     0.7730
 1090800.00     0.9400
 1094400.00     1.0251
 1098000.00     0.9299
 1101600.00     0.7100
 1105200.00     0.4774
 1108800.00     0.1945
 1112400.00    -0.0601
 1116000.00    -0.1731
 1119600.00    -0.1872
 1123200.00    -0.0716
 1126800.00     0.1463
 1130400.00     0.3786
 1134000.00     0.5666
 1137600.00     0.6477
 1141200.00     0.5882
 1144800.00     0.3720
 1148400.00     0.2311
 1152000.00    -0.0490
 1155600.00    -0.2697
 1159200.00    -0.3143
 1162800.00    -0.2698
 1166400.00    -0.1437
 1170000.00     0.0629
 1173600.00     0.3503
 1177200.00     0.6491
 1180800.00     0.8046
 1184400.00     0.8343
 1188000.00     0.7610
 1191600.00     0.6430
 1195200.00     0.4381
 1198800.00     0.1665
 1202400.00    -0.0344
 1206000.00    -0.1225
 1209600.00    -0.1157
 1213200.00    -0.0073
 1216800.00     0.1601
 1220400.00     0.3859
 1224000.00     0.5493
 1227600.00     0.5977
 1231200.00     0.5700
 1234800.00     0.4701
 1238400.00     0.2887
 1242000.00     0.0815
 1245600.00    -0.1117
 1249200.00    -0.2307
 1252800.00    -0.2534
 1256400.00    -0.1559
 1260000.00    -0.0016
 1263600.00     0.2253
 1267200.00     0.4420
 1270800.00     0.5627
 1274400.00     0.5829
 1278000.00     0.5070
 1281600.00     0.3740
 1285200.00     0.1542
 1288800.00    -0.0662
 1292400.00    -0.2688
270                                  ->NBINP 
   0.000000  -8.000000   0.015000
   1.000000  -8.000000   0.015000
   2.000000  -8.000000   0.015000
   3.000000  -8.000000   0.015000
   4.000000  -8.000000   0.015000
   5.000000  -8.000000   0.015000
   6.000000  -8.000000   0.015000
   7.000000  -8.000000   0.015000
   8.000000  -8.000000   0.015000
   9.000000  -8.000000   0.015000
  10.000000  -8.000000   0.015000
  11.000000  -8.000000   0.015000
  12.000000  -8.000000   0.015000
  13.000000  -8.000000   0.015000
  14.000000  -8.000000   0.015000
  15.000000  -8.000000   0.015000
  16.000000  -8.000000   0.015000
  17.000000  -8.000000   0.015000
  18.000000  -8.000000   0.015000
  19.000000  -8.000000   0.015000
  20.000000  -8.000000   0.015000
  21.000000  -8.000000   0.015000
  22.000000  -8.000000   0.015000
  23.000000  -8.000000   0.015000
  24.000000  -8.000000   0.015000
  25.000000  -8.000000   0.015000
  26.000000  -8.000000   0.015000
  27.000000  -8.000000   0.015000
  28.000000  -8.000000   0.015000
  29.000000  -8.000000   0.015000
  30.000000  -8.000000   0.015000
  31.000000  -8.000000   0.015000
  32.000000  -8.000000   0.015000
  33.000000  -8.000000   0.015000
  34.000000  -8.000000   0.015000
  35.000000  -8.000000   0.015000
  36.000000  -8.000000   0.015000
  37.000000  -8.000000   0.015000
  38.000000  -8.000000   0.015000
  39.000000  -8.000000   0.015000
  40.000000  -8.000000   0.015000
  41.000000  -8.000000   0.015000
  42.000000  -8.000000   0.015000
  43.000000  -8.000000   0.015000
  44.000000  -8.000000   0.015000
  45.000000  -8.000000   0.015000
  46.000000  -8.000000   0.015000
  47.000000  -8.000000   0.015000
  48.000000  -8.000000   0.015000
  49.000000  -8.000000   0.015000
  50.000000  -8.000000   0.015000
  51.000000  -8.000000   0.015000
  52.000000  -8.000000   0.015000
  53.000000  -8.000000   0.015000
  54.000000  -8.000000   0.015000
  55.000000  -8.000000   0.015000
  56.000000  -8.000000   0.015000
  57.000000  -8.000000   0.015000
  58.000000  -8.000000   0.015000
  59.000000  -8.000000   0.015000
  60.000000  -8.000000   0.015000
  61.000000  -8.000000   0.015000
  62.000000  -8.000000   0.015000
  63.000000  -8.000000   0.015000
  64.000000  -8.000000   0.015000
  65.000000  -8.000000   0.015000
  66.000000  -8.000000   0.015000
  67.000000  -8.000000   0.015000
  68.000000  -8.000000   0.015000
  69.000000  -8.000000   0.015000
  70.000000  -8.000000   0.015000
  71.000000  -8.000000   0.015000
  72.000000  -8.000000   0.015000
  73.000000  -8.000000   0.015000
  74.000000  -8.000000   0.015000
  75.000000  -8.000000   0.015000
  76.000000  -8.000000   0.015000
  77.000000  -8.000000   0.015000
  78.000000  -8.000000   0.015000
  79.000000  -8.000000   0.015000
  80.000000  -8.000000   0.015000
  81.000000  -8.000000   0.015000
  82.000000  -8.000000   0.015000
  83.000000  -8.000000   0.015000
  84.000000  -8.000000   0.015000
  85.000000  -8.000000   0.015000
  86.000000  -8.000000   0.015000
  87.000000  -8.000000   0.015000
  88.000000  -8.000000   0.015000
  89.000000  -8.000000   0.015000
  90.000000  -8.000000   0.015000
  91.000000  -8.000000   0.015000
  92.000000  -8.000000   0.015000
  93.000000  -8.000000   0.015000
  94.000000  -8.000000   0.015000
  95.000000  -8.000000   0.015000
  96.000000  -8.000000   0.015000
  97.000000  -8.000000   0.015000
  98.000000  -8.000000   0.015000
  99.000000  -8.000000   0.015000
 100.000000  -8.000000   0.015000
 101.000000  -7.929543   0.015000
 102.000000  -7.859085   0.015000
 103.000000  -7.788628   0.015000
 104.000000  -7.718170   0.015000
 105.000000  -7.647713   0.015000
 106.000000  -7.577255   0.015000
 107.000000  -7.506798   0.015000
 108.000000  -7.436340   0.015000
 109.000000  -7.365883   0.015000
 110.000000  -7.295425   0.015000
 111.000000  -7.224968   0.015000
 112.000000  -7.154510   0.015000
 113.000000  -7.084053   0.015000
 114.000000  -7.013595   0.015000
 115.000000  -6.943138   0.015000
 116.000000  -6.872680   0.015000
 117.000000  -6.802223   0.015000
 118.000000  -6.731765   0.015000
 119.000000  -6.661308   0.015000
 120.000000  -6.590850   0.015000
 121.000000  -6.520393   0.015000
 122.000000  -6.449936   0.015000
 123.000000  -6.379478   0.015000
 124.000000  -6.309021   0.015000
 125.000000  -6.238563   0.015000
 126.000000  -6.168106   0.015000
 127.000000  -6.097648   0.015000
 128.000000  -6.027191   0.015000
 129.000000  -5.956733   0.015000
 130.000000  -5.886276   0.015000
 131.000000  -5.815818   0.015000
 132.000000  -5.745361   0.015000
 133.000000  -5.674903   0.015000
 134.000000  -5.604446   0.015000
 135.000000  -5.533988   0.015000
 136.000000  -5.463531   0.015000
 137.000000  -5.393073   0.015000
 138.000000  -5.322616   0.015000
 139.000000  -5.252158   0.015000
 140.000000  -5.181701   0.015000
 141.000000  -5.111243   0.015000
 142.000000  -5.040786   0.015000
 143.000000  -4.970328   0.015000
 144.000000  -4.899871   0.015000
 145.000000  -4.829414   0.015000
 146.000000  -4.758956   0.015000
 147.000000  -4.688499   0.015000
 148.000000  -4.618041   0.015000
 149.000000  -4.547584   0.015000
 150.000000  -4.477126   0.015000
 151.000000  -4.406669   0.015000
 152.000000  -4.336211   0.015000
 153.000000  -4.265754   0.015000
 154.000000  -4.195296   0.015000
 155.000000  -4.124839   0.015000
 156.000000  -4.054381   0.015000
 157.000000  -3.983924   0.015000
 158.000000  -3.913466   0.015000
 159.000000  -3.843009   0.015000
 160.000000  -3.772551   0.015000
 161.000000  -3.702094   0.015000
 162.000000  -3.631636   0.015000
 163.000000  -3.561179   0.015000
 164.000000  -3.490721   0.015000
 165.000000  -3.420264   0.015000
 166.000000  -3.349807   0.015000
 167.000000  -3.279349   0.015000
 168.000000  -3.208892   0.015000
 169.000000  -3.138434   0.015000
 170.000000  -3.067977   0.015000
 171.000000  -2.997519   0.015000
 172.000000  -2.927062   0.015000
 173.000000  -2.856604   0.015000
 174.000000  -2.786147   0.015000
 175.000000  -2.715689   0.015000
 176.000000  -2.645232   0.015000
 177.000000  -2.574774   0.015000
 178.000000  -2.504317   0.015000
 179.000000  -2.433859   0.015000
 180.000000  -2.363402   0.015000
 181.000000  -2.292944   0.015000
 182.000000  -2.222487   0.015000
 183.000000  -2.152029   0.015000
 184.000000  -2.081572   0.015000
 185.000000  -2.011114   0.015000
 186.000000  -1.940657   0.015000
 187.000000  -1.870199   0.015000
 188.000000  -1.799742   0.015000
 189.000000  -1.729285   0.015000
 190.000000  -1.658827   0.015000
 191.000000  -1.588370   0.015000
 192.000000  -1.517912   0.015000
 193.000000  -1.447455   0.015000
 194.000000  -1.376997   0.015000
 195.000000  -1.306540   0.015000
 196.000000  -1.236082   0.015000
 197.000000  -1.165625   0.015000
 198.000000  -1.095167   0.015000
 199.000000  -1.024710   0.015000
 200.000000  -0.954252   0.015000
 201.000000  -0.883795   0.015000
 202.000000  -0.813337   0.015000
 203.000000  -0.742880   0.015000
 204.000000  -0.672422   0.015000
 205.000000  -0.601965   0.015000
 206.000000  -0.531507   0.015000
 207.000000  -0.461050   0.015000
 208.000000  -0.390592   0.015000
 209.000000  -0.320135   0.015000
 210.000000  -0.249678   0.015000
 211.000000  -0.179220   0.015000
 212.000000  -0.108763   0.015000
 213.000000  -0.038305   0.015000
 214.000000   0.032152   0.015000
 215.000000   0.102610   0.015000
 216.000000   0.173067   0.015000
 217.000000   0.243525   0.015000
 218.000000   0.313982   0.015000
 219.000000   0.384440   0.015000
 220.000000   0.454897   0.015000
 221.000000   0.569867   0.015000
 222.000000   0.720078   0.015000
 223.000000   0.873629   0.015000
 224.000000   1.055444   0.015000
 225.000000   1.317965   0.015000
 226.000000   1.629254   0.015000
 227.000000   1.864648   0.015000
 228.000000   1.952866   0.015000
 229.000000   1.945103   0.015000
 230.000000   1.931941   0.015000
 231.000000   1.931432   0.015000
 232.000000   1.937657   0.015000
 233.000000   1.946789   0.015000
 234.000000   1.956548   0.015000
 235.000000   1.965341   0.015000
 236.000000   1.976872   0.015000
 237.000000   1.999632   0.015000
 238.000000   2.045385   0.015000
 239.000000   2.122679   0.015000
 240.000000   2.218042   0.015000
 241.000000   2.377665   0.015000
 242.000000   2.505755   0.015000
 243.000000   2.950496   0.015000
 244.000000   3.589361   0.015000
 245.000000   4.317273   0.015000
 246.000000   4.908495   0.015000
 247.000000   5.375099   0.015000
 248.000000   5.854070   0.015000
 249.000000   6.164234   0.015000
 250.000000   6.245951   0.015000
 251.000000   6.156616   0.015000
 252.000000   6.128052   0.015000
 253.000000   6.203453   0.015000
 254.000000   6.380130   0.015000
 255.000000   6.513539   0.015000
 256.000000   6.655215   0.015000
 257.000000   6.970656   0.015000
 258.000000   7.312062   0.015000
 259.000000   7.555262   0.015000
 260.000000   7.775527   0.015000
 261.000000   8.073499   0.015000
 262.000000   8.127873   0.015000
 263.000000   8.157717   0.015000
 264.000000   8.254438   0.015000
 265.000000   8.430345   0.015000
 266.000000   8.610683   0.015000
 267.000000   8.666300   0.015000
 268.000000   8.862173   0.015000
 269.000000   9.101286   0.015000
