3 
------------------------------------------------------------ 
CSHORE model run defaults 
------------------------------------------------------------ 
1                                         ->ILINE
1                                         ->IPROFL
0                                         ->ISEDAV
0                                         ->IPERM
1                                         ->IOVER
0                                         ->IWTRAN
0                                         ->IPOND
0                                         ->INFILT
0                                         ->IWCINT
1                                         ->IROLL 
0                                         ->IWIND 
0                                         ->ITIDE 
0                                         ->IVEG  
     1.0000                                ->DXC
     0.8000                                ->GAMMA 
     0.3000     0.0448     2.6500         ->D50 WF SG
     0.0050     0.0100     0.5000     0.1000              ->EFFB EFFF SLP
     0.6300     0.0010                    ->TANPHI BLP
     0.0200                               ->RWH 
0                                         ->ILAB
356                                       ->NWAVE 
356                                       ->NSURGE 
       0.00     6.2533     1.2973     0.0000
    3600.00     6.9444     1.3059     0.0000
    7200.00     6.7400     1.1517     0.0000
   10800.00     6.5872     1.0875     0.0000
   14400.00     7.2202     1.0115     0.0000
   18000.00     7.4255     0.9795     0.0000
   21600.00     7.1243     0.9327     0.0000
   25200.00     7.5188     0.9866     0.0000
   28800.00     7.5442     0.9238     0.0000
   32400.00     7.4957     0.9997     0.0000
   36000.00     7.7369     1.1025     0.0000
   39600.00     7.5979     1.0233     0.0000
   43200.00     7.2904     1.0245     0.0000
   46800.00     8.0000     0.9682     0.0000
   50400.00     7.3118     1.0146     0.0000
   54000.00     7.2085     1.0680     0.0000
   57600.00     7.2202     1.0277     0.0000
   61200.00     7.0743     0.9930     0.0000
   64800.00     7.2380     0.9829     0.0000
   72000.00     6.9602     0.9385     0.0000
   75600.00     7.3290     0.8587     0.0000
   79200.00     7.4906     0.8562     0.0000
   82800.00     7.5351     0.8643     0.0000
   86400.00     7.0420     0.8396     0.0000
   90000.00     7.1685     0.8228     0.0000
   93600.00     7.8205     0.8367     0.0000
   97200.00     7.3376     0.8242     0.0000
  100800.00     6.2893     0.7493     0.0000
  104400.00     7.5759     0.7849     0.0000
  108000.00     7.4573     0.7997     0.0000
  111600.00     7.6923     0.7728     0.0000
  115200.00     7.3431     0.7406     0.0000
  118800.00     7.2608     0.7384     0.0000
  122400.00     8.2645     0.7356     0.0000
  126000.00     6.7682     0.7245     0.0000
  129600.00     7.6223     0.6935     0.0000
  133200.00     7.1813     0.6443     0.0000
  136800.00     6.9239     0.6787     0.0000
  140400.00     7.0980     0.6768     0.0000
  144000.00     7.6482     0.6660     0.0000
  147600.00     7.7091     0.6611     0.0000
  151200.00     8.2620     0.6155     0.0000
  154800.00     7.2072     0.5865     0.0000
  158400.00     8.3139     0.5993     0.0000
  162000.00     9.0779     0.6344     0.0000
  165600.00     7.8585     0.6370     0.0000
  169200.00     8.6976     0.6551     0.0000
  172800.00     6.5631     0.7548     0.0000
  176400.00     4.3243     0.8281     0.0000
  180000.00     4.6519     0.9213     0.0000
  183600.00     5.2321     1.1186     0.0000
  187200.00     6.0606     1.2025     0.0000
  190800.00     6.1097     1.3284     0.0000
  194400.00     6.3618     1.4900     0.0000
  198000.00     6.6890     1.4626     0.0000
  201600.00     6.8640     1.6136     0.0000
  205200.00     6.9368     1.8056     0.0000
  208800.00     7.1685     1.9436     0.0000
  212400.00     7.2140     1.8324     0.0000
  216000.00     7.9249     1.6749     0.0000
  219600.00     7.6190     1.6743     0.0000
  223200.00     7.2298     1.6837     0.0000
  226800.00     7.9326     1.6397     0.0000
  230400.00     8.2474     1.6901     0.0000
  234000.00     7.9908     1.5937     0.0000
  237600.00     8.1390     1.6671     0.0000
  241200.00     8.2988     1.6298     0.0000
  244800.00     8.6050     1.6385     0.0000
  248400.00     8.2992     1.6484     0.0000
  252000.00     8.8652     1.6878     0.0000
  255600.00     8.4777     1.6332     0.0000
  259200.00     8.4633     1.5644     0.0000
  262800.00     8.3507     1.4535     0.0000
  266400.00     8.0552     1.3835     0.0000
  270000.00    10.1661     1.4701     0.0000
  273600.00     8.1301     1.4867     0.0000
  277200.00     8.0082     1.4692     0.0000
  280800.00     8.0992     1.5581     0.0000
  284400.00     8.2816     1.5062     0.0000
  288000.00    11.4993     1.4730     0.0000
  291600.00    10.1052     1.4860     0.0000
  295200.00    12.5392     1.3672     0.0000
  298800.00    11.1703     1.3986     0.0000
  302400.00    10.2215     1.3806     0.0000
  306000.00     9.7800     1.3977     0.0000
  309600.00    11.8522     1.3848     0.0000
  313200.00    12.2795     1.3407     0.0000
  316800.00    11.8343     1.3605     0.0000
  320400.00    12.4805     1.3520     0.0000
  324000.00    10.8016     1.3729     0.0000
  327600.00    11.7302     1.3611     0.0000
  331200.00    12.1672     1.2382     0.0000
  334800.00    10.6949     1.2556     0.0000
  338400.00     9.8280     1.3473     0.0000
  342000.00    10.2981     1.2388     0.0000
  345600.00    11.0125     1.2682     0.0000
  349200.00    12.4611     1.2670     0.0000
  352800.00    11.1490     1.2149     0.0000
  356400.00    11.1935     1.2395     0.0000
  360000.00    12.4224     1.1754     0.0000
  363600.00    13.2452     1.3282     0.0000
  367200.00    12.2933     1.2631     0.0000
  370800.00    12.3457     1.1657     0.0000
  374400.00    12.0571     1.2595     0.0000
  378000.00    12.1355     1.1495     0.0000
  381600.00    11.5274     1.0721     0.0000
  385200.00    11.4644     1.0739     0.0000
  388800.00    11.2972     1.0756     0.0000
  392400.00    11.1421     1.1356     0.0000
  396000.00    12.3075     1.0611     0.0000
  399600.00    10.9761     1.0439     0.0000
  403200.00    11.2360     1.1265     0.0000
  406800.00    10.8557     1.1298     0.0000
  410400.00    10.9406     1.1412     0.0000
  414000.00    10.4439     1.1412     0.0000
  417600.00    10.8019     1.1877     0.0000
  421200.00    11.8566     1.2299     0.0000
  424800.00    13.3779     1.3172     0.0000
  428400.00    12.4440     1.3289     0.0000
  432000.00    12.7695     1.2385     0.0000
  435600.00    13.0293     1.2976     0.0000
  439200.00    12.5786     1.3083     0.0000
  442800.00    13.1236     1.3795     0.0000
  446400.00    12.4611     1.3725     0.0000
  450000.00    13.4230     1.4973     0.0000
  453600.00    10.6037     1.4934     0.0000
  457200.00    12.7796     1.4811     0.0000
  460800.00    12.5749     1.5270     0.0000
  464400.00    13.4957     1.5946     0.0000
  468000.00    12.7389     1.7187     0.0000
  471600.00    14.2561     1.6780     0.0000
  475200.00    13.9776     1.6526     0.0000
  478800.00    13.2890     1.4946     0.0000
  482400.00    13.2013     1.6563     0.0000
  486000.00    12.6895     1.6456     0.0000
  489600.00    11.7994     1.6339     0.0000
  493200.00    11.5390     1.5579     0.0000
  496800.00     8.4922     1.4381     0.0000
  500400.00     6.2893     1.4277     0.0000
  504000.00     7.0428     1.5138     0.0000
  507600.00     8.9386     1.5129     0.0000
  514800.00    12.2029     1.4143     0.0000
  518400.00     9.6434     1.3787     0.0000
  522000.00    11.8694     1.3547     0.0000
  525600.00     8.0451     1.2919     0.0000
  529200.00     8.5207     1.2725     0.0000
  532800.00     7.9051     1.1891     0.0000
  536400.00    10.1588     1.1780     0.0000
  540000.00     9.4981     1.1435     0.0000
  543600.00     8.2816     1.1484     0.0000
  547200.00     8.8404     1.1675     0.0000
  550800.00     9.5550     1.0688     0.0000
  554400.00     9.3197     1.1476     0.0000
  558000.00     9.8161     1.1120     0.0000
  561600.00     9.5026     1.0865     0.0000
  565200.00    10.2564     1.0941     0.0000
  568800.00    10.4580     1.0778     0.0000
  572400.00     9.6503     1.1668     0.0000
  576000.00     9.8039     1.1454     0.0000
  579600.00     9.7001     1.1905     0.0000
  583200.00    10.1831     1.1522     0.0000
  586800.00    10.4439     1.1773     0.0000
  590400.00    10.1223     1.1250     0.0000
  594000.00     9.8482     1.1337     0.0000
  597600.00     9.8280     1.2069     0.0000
  601200.00    10.1000     1.0979     0.0000
  604800.00    10.2761     1.0404     0.0000
  608400.00    10.2828     1.0104     0.0000
  612000.00    10.4273     0.9226     0.0000
  615600.00    10.2927     0.9253     0.0000
  619200.00    10.1266     0.9469     0.0000
  622800.00    10.3982     0.9022     0.0000
  626400.00     9.5661     0.9154     0.0000
  630000.00    10.2564     0.9724     0.0000
  633600.00    10.7151     0.9464     0.0000
  637200.00    10.9804     0.9796     0.0000
  640800.00    11.1111     0.9313     0.0000
  644400.00    10.5238     0.9996     0.0000
  648000.00    10.6530     0.9684     0.0000
  651600.00    10.4987     0.9122     0.0000
  655200.00    10.6059     0.9217     0.0000
  658800.00    10.3356     0.8450     0.0000
  662400.00    10.1010     0.9208     0.0000
  666000.00    10.3227     0.9815     0.0000
  669600.00    11.4100     0.9964     0.0000
  673200.00    11.7994     1.0651     0.0000
  676800.00    11.6984     1.0286     0.0000
  680400.00    12.1845     1.0712     0.0000
  684000.00    11.7994     1.0598     0.0000
  687600.00    12.5196     0.9900     0.0000
  691200.00    11.9888     1.0893     0.0000
  694800.00    11.6959     1.1711     0.0000
  698400.00    12.2615     1.0911     0.0000
  702000.00    11.7327     1.1201     0.0000
  705600.00    11.9048     1.1667     0.0000
  709200.00    11.4190     1.1260     0.0000
  712800.00    11.5137     1.1176     0.0000
  716400.00    11.7302     1.0394     0.0000
  720000.00    12.6324     1.0657     0.0000
  723600.00    12.8810     1.0517     0.0000
  727200.00    12.6582     0.9432     0.0000
  730800.00    13.7435     1.1153     0.0000
  734400.00     6.8570     1.6766     0.0000
  738000.00     7.0547     1.6821     0.0000
  741600.00     7.0547     1.6146     0.0000
  745200.00     7.0141     1.7639     0.0000
  748800.00     7.0671     1.7012     0.0000
  752400.00     6.8210     1.8656     0.0000
  756000.00     6.8713     1.7913     0.0000
  759600.00     7.0423     1.8258     0.0000
  763200.00     7.0673     1.9006     0.0000
  766800.00     7.1826     1.9037     0.0000
  770400.00     6.9085     1.8618     0.0000
  774000.00     7.1651     1.9400     0.0000
  777600.00     6.9588     1.9921     0.0000
  781200.00     7.1429     2.0354     0.0000
  784800.00     7.3092     1.9348     0.0000
  788400.00     7.4024     1.9657     0.0000
  792000.00     7.7071     1.9318     0.0000
  795600.00     7.6263     1.9851     0.0000
  799200.00     7.7433     1.9476     0.0000
  802800.00     7.7071     1.9195     0.0000
  806400.00     7.3873     2.0887     0.0000
  810000.00     7.9216     2.2808     0.0000
  813600.00     7.8278     2.3013     0.0000
  817200.00     7.9457     2.2560     0.0000
  820800.00     8.1411     2.1014     0.0000
  824400.00     8.8652     2.1083     0.0000
  828000.00     8.4524     1.9935     0.0000
  831600.00     7.8601     2.1351     0.0000
  838800.00     9.2121     2.1653     0.0000
  842400.00     7.5313     2.0620     0.0000
  846000.00     7.1174     2.0685     0.0000
  849600.00     8.2409     1.9972     0.0000
  853200.00     8.7780     2.0515     0.0000
  856800.00     8.8067     1.9190     0.0000
  860400.00     8.7430     1.9163     0.0000
  864000.00     8.1004     1.8185     0.0000
  867600.00     9.1701     1.9494     0.0000
  871200.00    15.0223     1.7935     0.0000
  874800.00     8.5568     1.9350     0.0000
  878400.00     6.6445     1.9254     0.0000
  882000.00     7.1137     1.9536     0.0000
  885600.00     7.7420     1.9661     0.0000
  889200.00     8.2988     2.0310     0.0000
  892800.00    15.3556     2.0339     0.0000
  896400.00    15.1730     1.9715     0.0000
  900000.00    15.1515     1.7791     0.0000
  903600.00    11.7283     1.9767     0.0000
  907200.00    15.3659     2.0160     0.0000
  910800.00    13.2450     2.1355     0.0000
  914400.00    14.8773     2.1376     0.0000
  918000.00    15.1937     2.1026     0.0000
  921600.00    14.3369     2.0699     0.0000
  925200.00    10.2225     2.1634     0.0000
  928800.00    15.0348     2.1782     0.0000
  932400.00    16.1290     2.2969     0.0000
  936000.00    16.5301     2.2776     0.0000
  939600.00    15.3653     2.4313     0.0000
  943200.00    16.4609     2.4555     0.0000
  946800.00    13.7777     2.6120     0.0000
  950400.00    13.8231     2.6260     0.0000
  954000.00    15.5039     2.5333     0.0000
  957600.00    14.3578     2.6233     0.0000
  961200.00    12.6936     2.6621     0.0000
  964800.00    16.8067     2.6899     0.0000
  968400.00    16.5301     2.5877     0.0000
  972000.00    15.9317     2.7298     0.0000
  975600.00    16.4609     2.7277     0.0000
  979200.00    15.6585     2.6218     0.0000
  982800.00    13.6077     2.7695     0.0000
  986400.00    15.2091     2.8683     0.0000
  990000.00    15.8981     2.9097     0.0000
  993600.00    15.4818     2.8283     0.0000
  997200.00    12.4224     2.7767     0.0000
 1000800.00    11.4331     2.6108     0.0000
 1004400.00     8.9355     2.6770     0.0000
 1008000.00    11.7302     2.9041     0.0000
 1011600.00    13.1725     2.5874     0.0000
 1015200.00    12.7292     2.5625     0.0000
 1018800.00    12.4224     2.6259     0.0000
 1022400.00    12.7764     2.6648     0.0000
 1026000.00    12.1203     2.5886     0.0000
 1029600.00    13.0293     2.5498     0.0000
 1033200.00    13.4266     2.7498     0.0000
 1036800.00    12.7805     2.7271     0.0000
 1040400.00    13.8408     2.9876     0.0000
 1044000.00    13.7127     2.8110     0.0000
 1047600.00    12.9095     2.9369     0.0000
 1051200.00    13.0293     2.8646     0.0000
 1054800.00    13.4454     2.7971     0.0000
 1058400.00    13.3805     2.7348     0.0000
 1062000.00    14.2857     2.7016     0.0000
 1065600.00    13.7841     2.7868     0.0000
 1069200.00    13.7603     2.7674     0.0000
 1072800.00    14.1844     2.7246     0.0000
 1076400.00    14.7220     2.8143     0.0000
 1080000.00    13.5149     3.0275     0.0000
 1083600.00    13.2013     2.6469     0.0000
 1087200.00    13.4007     2.6857     0.0000
 1090800.00    14.3108     2.5800     0.0000
 1094400.00    13.3779     2.4257     0.0000
 1098000.00    14.3518     2.3379     0.0000
 1101600.00    14.3192     2.5707     0.0000
 1105200.00    14.8148     2.4766     0.0000
 1108800.00    13.7270     2.5450     0.0000
 1112400.00    13.9986     2.3320     0.0000
 1116000.00    14.0845     2.2701     0.0000
 1119600.00    14.3368     2.2226     0.0000
 1123200.00    14.3034     2.2503     0.0000
 1126800.00    15.3257     2.1652     0.0000
 1130400.00    14.8020     2.0832     0.0000
 1134000.00    15.9906     2.1055     0.0000
 1137600.00    17.6991     2.1478     0.0000
 1141200.00    16.2567     2.3517     0.0000
 1144800.00    17.6348     2.3273     0.0000
 1148400.00    16.7364     2.1749     0.0000
 1152000.00    16.2385     2.2774     0.0000
 1155600.00    17.0985     2.1264     0.0000
 1159200.00    16.5289     2.3563     0.0000
 1162800.00    15.9824     2.1359     0.0000
 1166400.00    16.4464     2.3906     0.0000
 1170000.00    16.3934     2.4075     0.0000
 1173600.00    16.5632     2.2196     0.0000
 1177200.00    16.0726     1.8806     0.0000
 1180800.00    16.0000     1.7586     0.0000
 1184400.00    15.5651     1.7744     0.0000
 1188000.00    15.1948     1.4960     0.0000
 1191600.00    15.5642     1.3715     0.0000
 1195200.00    15.3565     1.4341     0.0000
 1198800.00    14.8687     1.2916     0.0000
 1202400.00    15.4440     1.1507     0.0000
 1206000.00    15.6571     1.2471     0.0000
 1209600.00    15.2676     1.0952     0.0000
 1213200.00    13.4228     1.1216     0.0000
 1216800.00    14.5456     1.1077     0.0000
 1220400.00    13.2925     1.0602     0.0000
 1224000.00    14.0351     1.0596     0.0000
 1227600.00    14.2118     0.9051     0.0000
 1231200.00    13.5780     0.8532     0.0000
 1234800.00    13.2013     0.8008     0.0000
 1238400.00    12.0735     0.7789     0.0000
 1242000.00    12.5824     0.7624     0.0000
 1245600.00    12.5000     0.6823     0.0000
 1249200.00    12.1267     0.7245     0.0000
 1252800.00    12.2437     0.6942     0.0000
 1256400.00    11.7647     0.6710     0.0000
 1260000.00    11.7841     0.6186     0.0000
 1263600.00    11.5676     0.6168     0.0000
 1267200.00    12.4611     0.5709     0.0000
 1270800.00    10.4421     0.5988     0.0000
 1274400.00    11.6617     0.5046     0.0000
 1278000.00    11.1421     0.5456     0.0000
 1281600.00    11.4399     0.5203     0.0000
 1285200.00    10.7009     0.5259     0.0000
 1288800.00    10.0000     0.5282     0.0000
 1292400.00    11.4689     0.5119     0.0000
       0.00    -0.0806
    3600.00    -0.0156
    7200.00     0.0846
   10800.00     0.2545
   14400.00     0.3442
   18000.00     0.3080
   21600.00     0.2329
   25200.00     0.1604
   28800.00     0.0030
   32400.00    -0.1633
   36000.00    -0.2502
   39600.00    -0.2602
   43200.00    -0.2193
   46800.00    -0.0972
   50400.00     0.0641
   54000.00     0.2655
   57600.00     0.4090
   61200.00     0.4618
   64800.00     0.4353
   72000.00     0.2065
   75600.00     0.0158
   79200.00    -0.1666
   82800.00    -0.2733
   86400.00    -0.3306
   90000.00    -0.3047
   93600.00    -0.1957
   97200.00    -0.0571
  100800.00     0.0997
  104400.00     0.1546
  108000.00     0.1535
  111600.00     0.1161
  115200.00     0.0315
  118800.00    -0.1138
  122400.00    -0.2609
  126000.00    -0.3598
  129600.00    -0.3599
  133200.00    -0.3012
  136800.00    -0.1716
  140400.00     0.0241
  144000.00     0.2090
  147600.00     0.3512
  151200.00     0.4152
  154800.00     0.4047
  158400.00     0.3486
  162000.00     0.2227
  165600.00     0.0572
  169200.00    -0.0833
  172800.00    -0.1477
  176400.00    -0.1246
  180000.00    -0.0696
  183600.00     0.0704
  187200.00     0.2618
  190800.00     0.4503
  194400.00     0.5270
  198000.00     0.6057
  201600.00     0.5710
  205200.00     0.4365
  208800.00     0.3336
  212400.00     0.1672
  216000.00     0.0228
  219600.00    -0.0446
  223200.00     0.0517
  226800.00     0.1731
  230400.00     0.3431
  234000.00     0.5356
  237600.00     0.7283
  241200.00     0.7963
  244800.00     0.8115
  248400.00     0.7435
  252000.00     0.6079
  255600.00     0.3917
  259200.00     0.2209
  262800.00     0.0972
  266400.00     0.0537
  270000.00     0.1035
  273600.00     0.2248
  277200.00     0.3611
  280800.00     0.5233
  284400.00     0.6477
  288000.00     0.6605
  291600.00     0.5907
  295200.00     0.4848
  298800.00     0.3032
  302400.00     0.1006
  306000.00    -0.0378
  309600.00    -0.0553
  313200.00    -0.0079
  316800.00     0.1201
  320400.00     0.3240
  324000.00     0.5217
  327600.00     0.6890
  331200.00     0.7690
  334800.00     0.7355
  338400.00     0.6547
  342000.00     0.4712
  345600.00     0.2095
  349200.00    -0.0133
  352800.00    -0.1743
  356400.00    -0.2054
  360000.00    -0.1328
  363600.00    -0.0195
  367200.00     0.1625
  370800.00     0.3604
  374400.00     0.4765
  378000.00     0.5107
  381600.00     0.4387
  385200.00     0.2939
  388800.00     0.0895
  392400.00    -0.1340
  396000.00    -0.2766
  399600.00    -0.3310
  403200.00    -0.2576
  406800.00    -0.0684
  410400.00     0.1855
  414000.00     0.4234
  417600.00     0.6651
  421200.00     0.7595
  424800.00     0.7287
  428400.00     0.6268
  432000.00     0.4220
  435600.00     0.1513
  439200.00    -0.0580
  442800.00    -0.1799
  446400.00    -0.1904
  450000.00    -0.1301
  453600.00     0.0608
  457200.00     0.3538
  460800.00     0.5529
  464400.00     0.6695
  468000.00     0.7261
  471600.00     0.6562
  475200.00     0.4572
  478800.00     0.2173
  482400.00    -0.0291
  486000.00    -0.2274
  489600.00    -0.2706
  493200.00    -0.1686
  496800.00     0.0557
  500400.00     0.3353
  504000.00     0.6380
  507600.00     0.8483
  514800.00     0.8824
  518400.00     0.7071
  522000.00     0.4517
  525600.00     0.1438
  529200.00    -0.1625
  532800.00    -0.3304
  536400.00    -0.3244
  540000.00    -0.1772
  543600.00     0.0664
  547200.00     0.3027
  550800.00     0.5669
  554400.00     0.6957
  558000.00     0.7178
  561600.00     0.5905
  565200.00     0.3406
  568800.00     0.0516
  572400.00    -0.2448
  576000.00    -0.4360
  579600.00    -0.4688
  583200.00    -0.3333
  586800.00    -0.0771
  590400.00     0.2252
  594000.00     0.5584
  597600.00     0.7772
  601200.00     0.8288
  604800.00     0.7137
  608400.00     0.4937
  612000.00     0.2071
  615600.00    -0.1659
  619200.00    -0.4318
  622800.00    -0.5639
  626400.00    -0.5295
  630000.00    -0.3436
  633600.00    -0.0798
  637200.00     0.2793
  640800.00     0.5626
  644400.00     0.7090
  648000.00     0.6913
  651600.00     0.5164
  655200.00     0.2756
  658800.00    -0.0855
  662400.00    -0.4164
  666000.00    -0.5841
  669600.00    -0.5839
  673200.00    -0.4272
  676800.00    -0.1250
  680400.00     0.2721
  684000.00     0.5928
  687600.00     0.8137
  691200.00     0.8463
  694800.00     0.7260
  698400.00     0.5101
  702000.00     0.1478
  705600.00    -0.1913
  709200.00    -0.4524
  712800.00    -0.5304
  716400.00    -0.4023
  720000.00    -0.1878
  723600.00     0.1893
  727200.00     0.5347
  730800.00     0.8618
  734400.00     1.0292
  738000.00     0.9930
  741600.00     0.8723
  745200.00     0.5844
  748800.00     0.2498
  752400.00    -0.0439
  756000.00    -0.2274
  759600.00    -0.2528
  763200.00    -0.0717
  766800.00     0.2497
  770400.00     0.6057
  774000.00     0.9129
  777600.00     1.0542
  781200.00     1.0974
  784800.00     1.0185
  788400.00     0.7464
  792000.00     0.3822
  795600.00     0.0706
  799200.00    -0.1217
  802800.00    -0.1061
  806400.00    -0.0142
  810000.00     0.1763
  813600.00     0.5632
  817200.00     0.8978
  820800.00     1.1619
  824400.00     1.2336
  828000.00     1.2060
  831600.00     1.0266
  838800.00     0.3045
  842400.00    -0.0286
  846000.00    -0.1610
  849600.00    -0.1427
  853200.00    -0.0077
  856800.00     0.2413
  860400.00     0.5694
  864000.00     0.8716
  867600.00     1.0126
  871200.00     1.0373
  874800.00     0.9057
  878400.00     0.6306
  882000.00     0.3128
  885600.00    -0.0410
  889200.00    -0.2143
  892800.00    -0.2439
  896400.00    -0.1015
  900000.00     0.0938
  903600.00     0.4696
  907200.00     0.8275
  910800.00     1.0799
  914400.00     1.1465
  918000.00     1.0765
  921600.00     0.8662
  925200.00     0.5936
  928800.00     0.1895
  932400.00    -0.0677
  936000.00    -0.1664
  939600.00    -0.1210
  943200.00     0.0171
  946800.00     0.2765
  950400.00     0.5607
  954000.00     0.8464
  957600.00     0.9721
  961200.00     0.9696
  964800.00     0.8443
  968400.00     0.5762
  972000.00     0.2656
  975600.00     0.0688
  979200.00    -0.0691
  982800.00    -0.1003
  986400.00     0.0208
  990000.00     0.2903
  993600.00     0.5706
  997200.00     0.9087
 1000800.00     1.0879
 1004400.00     1.1766
 1008000.00     1.0831
 1011600.00     0.8692
 1015200.00     0.5974
 1018800.00     0.2532
 1022400.00     0.0559
 1026000.00    -0.0332
 1029600.00    -0.0686
 1033200.00     0.0623
 1036800.00     0.2541
 1040400.00     0.5672
 1044000.00     0.7445
 1047600.00     0.8581
 1051200.00     0.8573
 1054800.00     0.7232
 1058400.00     0.4820
 1062000.00     0.2154
 1065600.00    -0.0164
 1069200.00    -0.1093
 1072800.00    -0.0870
 1076400.00     0.0046
 1080000.00     0.1798
 1083600.00     0.4963
 1087200.00     0.7730
 1090800.00     0.9400
 1094400.00     1.0251
 1098000.00     0.9299
 1101600.00     0.7100
 1105200.00     0.4774
 1108800.00     0.1945
 1112400.00    -0.0601
 1116000.00    -0.1731
 1119600.00    -0.1872
 1123200.00    -0.0716
 1126800.00     0.1463
 1130400.00     0.3786
 1134000.00     0.5666
 1137600.00     0.6477
 1141200.00     0.5882
 1144800.00     0.3720
 1148400.00     0.2311
 1152000.00    -0.0490
 1155600.00    -0.2697
 1159200.00    -0.3143
 1162800.00    -0.2698
 1166400.00    -0.1437
 1170000.00     0.0629
 1173600.00     0.3503
 1177200.00     0.6491
 1180800.00     0.8046
 1184400.00     0.8343
 1188000.00     0.7610
 1191600.00     0.6430
 1195200.00     0.4381
 1198800.00     0.1665
 1202400.00    -0.0344
 1206000.00    -0.1225
 1209600.00    -0.1157
 1213200.00    -0.0073
 1216800.00     0.1601
 1220400.00     0.3859
 1224000.00     0.5493
 1227600.00     0.5977
 1231200.00     0.5700
 1234800.00     0.4701
 1238400.00     0.2887
 1242000.00     0.0815
 1245600.00    -0.1117
 1249200.00    -0.2307
 1252800.00    -0.2534
 1256400.00    -0.1559
 1260000.00    -0.0016
 1263600.00     0.2253
 1267200.00     0.4420
 1270800.00     0.5627
 1274400.00     0.5829
 1278000.00     0.5070
 1281600.00     0.3740
 1285200.00     0.1542
 1288800.00    -0.0662
 1292400.00    -0.2688
996                                  ->NBINP 
   0.000000  -8.000000   0.015000
   1.000000  -8.000000   0.015000
   2.000000  -8.000000   0.015000
   3.000000  -8.000000   0.015000
   4.000000  -8.000000   0.015000
   5.000000  -8.000000   0.015000
   6.000000  -8.000000   0.015000
   7.000000  -8.000000   0.015000
   8.000000  -8.000000   0.015000
   9.000000  -8.000000   0.015000
  10.000000  -8.000000   0.015000
  11.000000  -8.000000   0.015000
  12.000000  -8.000000   0.015000
  13.000000  -8.000000   0.015000
  14.000000  -8.000000   0.015000
  15.000000  -8.000000   0.015000
  16.000000  -8.000000   0.015000
  17.000000  -8.000000   0.015000
  18.000000  -8.000000   0.015000
  19.000000  -8.000000   0.015000
  20.000000  -8.000000   0.015000
  21.000000  -8.000000   0.015000
  22.000000  -8.000000   0.015000
  23.000000  -8.000000   0.015000
  24.000000  -8.000000   0.015000
  25.000000  -8.000000   0.015000
  26.000000  -8.000000   0.015000
  27.000000  -8.000000   0.015000
  28.000000  -8.000000   0.015000
  29.000000  -8.000000   0.015000
  30.000000  -8.000000   0.015000
  31.000000  -8.000000   0.015000
  32.000000  -8.000000   0.015000
  33.000000  -8.000000   0.015000
  34.000000  -8.000000   0.015000
  35.000000  -8.000000   0.015000
  36.000000  -8.000000   0.015000
  37.000000  -8.000000   0.015000
  38.000000  -8.000000   0.015000
  39.000000  -8.000000   0.015000
  40.000000  -8.000000   0.015000
  41.000000  -8.000000   0.015000
  42.000000  -8.000000   0.015000
  43.000000  -8.000000   0.015000
  44.000000  -8.000000   0.015000
  45.000000  -8.000000   0.015000
  46.000000  -8.000000   0.015000
  47.000000  -8.000000   0.015000
  48.000000  -8.000000   0.015000
  49.000000  -8.000000   0.015000
  50.000000  -8.000000   0.015000
  51.000000  -8.000000   0.015000
  52.000000  -8.000000   0.015000
  53.000000  -8.000000   0.015000
  54.000000  -8.000000   0.015000
  55.000000  -8.000000   0.015000
  56.000000  -8.000000   0.015000
  57.000000  -8.000000   0.015000
  58.000000  -8.000000   0.015000
  59.000000  -8.000000   0.015000
  60.000000  -8.000000   0.015000
  61.000000  -8.000000   0.015000
  62.000000  -8.000000   0.015000
  63.000000  -8.000000   0.015000
  64.000000  -8.000000   0.015000
  65.000000  -8.000000   0.015000
  66.000000  -8.000000   0.015000
  67.000000  -8.000000   0.015000
  68.000000  -8.000000   0.015000
  69.000000  -8.000000   0.015000
  70.000000  -8.000000   0.015000
  71.000000  -8.000000   0.015000
  72.000000  -8.000000   0.015000
  73.000000  -8.000000   0.015000
  74.000000  -8.000000   0.015000
  75.000000  -8.000000   0.015000
  76.000000  -8.000000   0.015000
  77.000000  -8.000000   0.015000
  78.000000  -8.000000   0.015000
  79.000000  -8.000000   0.015000
  80.000000  -8.000000   0.015000
  81.000000  -8.000000   0.015000
  82.000000  -8.000000   0.015000
  83.000000  -8.000000   0.015000
  84.000000  -8.000000   0.015000
  85.000000  -8.000000   0.015000
  86.000000  -8.000000   0.015000
  87.000000  -8.000000   0.015000
  88.000000  -8.000000   0.015000
  89.000000  -8.000000   0.015000
  90.000000  -8.000000   0.015000
  91.000000  -8.000000   0.015000
  92.000000  -8.000000   0.015000
  93.000000  -8.000000   0.015000
  94.000000  -8.000000   0.015000
  95.000000  -8.000000   0.015000
  96.000000  -8.000000   0.015000
  97.000000  -8.000000   0.015000
  98.000000  -8.000000   0.015000
  99.000000  -8.000000   0.015000
 100.000000  -8.000000   0.015000
 101.000000  -7.990000   0.015000
 102.000000  -7.980000   0.015000
 103.000000  -7.970000   0.015000
 104.000000  -7.960000   0.015000
 105.000000  -7.950000   0.015000
 106.000000  -7.940000   0.015000
 107.000000  -7.930000   0.015000
 108.000000  -7.920000   0.015000
 109.000000  -7.910000   0.015000
 110.000000  -7.900000   0.015000
 111.000000  -7.890000   0.015000
 112.000000  -7.880000   0.015000
 113.000000  -7.870000   0.015000
 114.000000  -7.860000   0.015000
 115.000000  -7.850000   0.015000
 116.000000  -7.840000   0.015000
 117.000000  -7.830000   0.015000
 118.000000  -7.820000   0.015000
 119.000000  -7.810000   0.015000
 120.000000  -7.800000   0.015000
 121.000000  -7.790000   0.015000
 122.000000  -7.780000   0.015000
 123.000000  -7.770000   0.015000
 124.000000  -7.760000   0.015000
 125.000000  -7.750000   0.015000
 126.000000  -7.740000   0.015000
 127.000000  -7.730000   0.015000
 128.000000  -7.720000   0.015000
 129.000000  -7.710000   0.015000
 130.000000  -7.700000   0.015000
 131.000000  -7.690000   0.015000
 132.000000  -7.680000   0.015000
 133.000000  -7.670000   0.015000
 134.000000  -7.660000   0.015000
 135.000000  -7.650000   0.015000
 136.000000  -7.640000   0.015000
 137.000000  -7.630000   0.015000
 138.000000  -7.620000   0.015000
 139.000000  -7.610000   0.015000
 140.000000  -7.600000   0.015000
 141.000000  -7.590000   0.015000
 142.000000  -7.580000   0.015000
 143.000000  -7.570000   0.015000
 144.000000  -7.560000   0.015000
 145.000000  -7.550000   0.015000
 146.000000  -7.540000   0.015000
 147.000000  -7.530000   0.015000
 148.000000  -7.520000   0.015000
 149.000000  -7.510000   0.015000
 150.000000  -7.500000   0.015000
 151.000000  -7.490000   0.015000
 152.000000  -7.480000   0.015000
 153.000000  -7.470000   0.015000
 154.000000  -7.460000   0.015000
 155.000000  -7.450000   0.015000
 156.000000  -7.440000   0.015000
 157.000000  -7.430000   0.015000
 158.000000  -7.420000   0.015000
 159.000000  -7.410000   0.015000
 160.000000  -7.400000   0.015000
 161.000000  -7.390000   0.015000
 162.000000  -7.380000   0.015000
 163.000000  -7.370000   0.015000
 164.000000  -7.360000   0.015000
 165.000000  -7.350000   0.015000
 166.000000  -7.340000   0.015000
 167.000000  -7.330000   0.015000
 168.000000  -7.320000   0.015000
 169.000000  -7.310000   0.015000
 170.000000  -7.300000   0.015000
 171.000000  -7.290000   0.015000
 172.000000  -7.280000   0.015000
 173.000000  -7.270000   0.015000
 174.000000  -7.260000   0.015000
 175.000000  -7.250000   0.015000
 176.000000  -7.240000   0.015000
 177.000000  -7.230000   0.015000
 178.000000  -7.220000   0.015000
 179.000000  -7.210000   0.015000
 180.000000  -7.200000   0.015000
 181.000000  -7.190000   0.015000
 182.000000  -7.180000   0.015000
 183.000000  -7.170000   0.015000
 184.000000  -7.160000   0.015000
 185.000000  -7.150000   0.015000
 186.000000  -7.140000   0.015000
 187.000000  -7.130000   0.015000
 188.000000  -7.120000   0.015000
 189.000000  -7.110000   0.015000
 190.000000  -7.100000   0.015000
 191.000000  -7.090000   0.015000
 192.000000  -7.080000   0.015000
 193.000000  -7.070000   0.015000
 194.000000  -7.060000   0.015000
 195.000000  -7.050000   0.015000
 196.000000  -7.040000   0.015000
 197.000000  -7.030000   0.015000
 198.000000  -7.020000   0.015000
 199.000000  -7.010000   0.015000
 200.000000  -7.000000   0.015000
 201.000000  -6.990000   0.015000
 202.000000  -6.980000   0.015000
 203.000000  -6.970000   0.015000
 204.000000  -6.960000   0.015000
 205.000000  -6.950000   0.015000
 206.000000  -6.940000   0.015000
 207.000000  -6.930000   0.015000
 208.000000  -6.920000   0.015000
 209.000000  -6.910000   0.015000
 210.000000  -6.900000   0.015000
 211.000000  -6.890000   0.015000
 212.000000  -6.880000   0.015000
 213.000000  -6.870000   0.015000
 214.000000  -6.860000   0.015000
 215.000000  -6.850000   0.015000
 216.000000  -6.840000   0.015000
 217.000000  -6.830000   0.015000
 218.000000  -6.820000   0.015000
 219.000000  -6.810000   0.015000
 220.000000  -6.800000   0.015000
 221.000000  -6.790000   0.015000
 222.000000  -6.780000   0.015000
 223.000000  -6.770000   0.015000
 224.000000  -6.760000   0.015000
 225.000000  -6.750000   0.015000
 226.000000  -6.740000   0.015000
 227.000000  -6.730000   0.015000
 228.000000  -6.720000   0.015000
 229.000000  -6.710000   0.015000
 230.000000  -6.700000   0.015000
 231.000000  -6.690000   0.015000
 232.000000  -6.680000   0.015000
 233.000000  -6.670000   0.015000
 234.000000  -6.660000   0.015000
 235.000000  -6.650000   0.015000
 236.000000  -6.640000   0.015000
 237.000000  -6.630000   0.015000
 238.000000  -6.620000   0.015000
 239.000000  -6.610000   0.015000
 240.000000  -6.600000   0.015000
 241.000000  -6.590000   0.015000
 242.000000  -6.580000   0.015000
 243.000000  -6.570000   0.015000
 244.000000  -6.560000   0.015000
 245.000000  -6.550000   0.015000
 246.000000  -6.540000   0.015000
 247.000000  -6.530000   0.015000
 248.000000  -6.520000   0.015000
 249.000000  -6.510000   0.015000
 250.000000  -6.500000   0.015000
 251.000000  -6.490000   0.015000
 252.000000  -6.480000   0.015000
 253.000000  -6.470000   0.015000
 254.000000  -6.460000   0.015000
 255.000000  -6.450000   0.015000
 256.000000  -6.440000   0.015000
 257.000000  -6.430000   0.015000
 258.000000  -6.420000   0.015000
 259.000000  -6.410000   0.015000
 260.000000  -6.400000   0.015000
 261.000000  -6.390000   0.015000
 262.000000  -6.380000   0.015000
 263.000000  -6.370000   0.015000
 264.000000  -6.360000   0.015000
 265.000000  -6.350000   0.015000
 266.000000  -6.340000   0.015000
 267.000000  -6.330000   0.015000
 268.000000  -6.320000   0.015000
 269.000000  -6.310000   0.015000
 270.000000  -6.300000   0.015000
 271.000000  -6.290000   0.015000
 272.000000  -6.280000   0.015000
 273.000000  -6.270000   0.015000
 274.000000  -6.260000   0.015000
 275.000000  -6.250000   0.015000
 276.000000  -6.240000   0.015000
 277.000000  -6.230000   0.015000
 278.000000  -6.220000   0.015000
 279.000000  -6.210000   0.015000
 280.000000  -6.200000   0.015000
 281.000000  -6.190000   0.015000
 282.000000  -6.180000   0.015000
 283.000000  -6.170000   0.015000
 284.000000  -6.160000   0.015000
 285.000000  -6.150000   0.015000
 286.000000  -6.140000   0.015000
 287.000000  -6.130000   0.015000
 288.000000  -6.120000   0.015000
 289.000000  -6.110000   0.015000
 290.000000  -6.100000   0.015000
 291.000000  -6.090000   0.015000
 292.000000  -6.080000   0.015000
 293.000000  -6.070000   0.015000
 294.000000  -6.060000   0.015000
 295.000000  -6.050000   0.015000
 296.000000  -6.040000   0.015000
 297.000000  -6.030000   0.015000
 298.000000  -6.020000   0.015000
 299.000000  -6.010000   0.015000
 300.000000  -6.000000   0.015000
 301.000000  -5.990000   0.015000
 302.000000  -5.980000   0.015000
 303.000000  -5.970000   0.015000
 304.000000  -5.960000   0.015000
 305.000000  -5.950000   0.015000
 306.000000  -5.940000   0.015000
 307.000000  -5.930000   0.015000
 308.000000  -5.920000   0.015000
 309.000000  -5.910000   0.015000
 310.000000  -5.900000   0.015000
 311.000000  -5.890000   0.015000
 312.000000  -5.880000   0.015000
 313.000000  -5.870000   0.015000
 314.000000  -5.860000   0.015000
 315.000000  -5.850000   0.015000
 316.000000  -5.840000   0.015000
 317.000000  -5.830000   0.015000
 318.000000  -5.820000   0.015000
 319.000000  -5.810000   0.015000
 320.000000  -5.800000   0.015000
 321.000000  -5.790000   0.015000
 322.000000  -5.780000   0.015000
 323.000000  -5.770000   0.015000
 324.000000  -5.760000   0.015000
 325.000000  -5.750000   0.015000
 326.000000  -5.740000   0.015000
 327.000000  -5.730000   0.015000
 328.000000  -5.720000   0.015000
 329.000000  -5.710000   0.015000
 330.000000  -5.700000   0.015000
 331.000000  -5.690000   0.015000
 332.000000  -5.680000   0.015000
 333.000000  -5.670000   0.015000
 334.000000  -5.660000   0.015000
 335.000000  -5.650000   0.015000
 336.000000  -5.640000   0.015000
 337.000000  -5.630000   0.015000
 338.000000  -5.620000   0.015000
 339.000000  -5.610000   0.015000
 340.000000  -5.600000   0.015000
 341.000000  -5.590000   0.015000
 342.000000  -5.580000   0.015000
 343.000000  -5.570000   0.015000
 344.000000  -5.560000   0.015000
 345.000000  -5.550000   0.015000
 346.000000  -5.540000   0.015000
 347.000000  -5.530000   0.015000
 348.000000  -5.520000   0.015000
 349.000000  -5.510000   0.015000
 350.000000  -5.500000   0.015000
 351.000000  -5.490000   0.015000
 352.000000  -5.480000   0.015000
 353.000000  -5.470000   0.015000
 354.000000  -5.460000   0.015000
 355.000000  -5.450000   0.015000
 356.000000  -5.440000   0.015000
 357.000000  -5.430000   0.015000
 358.000000  -5.420000   0.015000
 359.000000  -5.410000   0.015000
 360.000000  -5.400000   0.015000
 361.000000  -5.390000   0.015000
 362.000000  -5.380000   0.015000
 363.000000  -5.370000   0.015000
 364.000000  -5.360000   0.015000
 365.000000  -5.350000   0.015000
 366.000000  -5.340000   0.015000
 367.000000  -5.330000   0.015000
 368.000000  -5.320000   0.015000
 369.000000  -5.310000   0.015000
 370.000000  -5.300000   0.015000
 371.000000  -5.290000   0.015000
 372.000000  -5.280000   0.015000
 373.000000  -5.270000   0.015000
 374.000000  -5.260000   0.015000
 375.000000  -5.250000   0.015000
 376.000000  -5.240000   0.015000
 377.000000  -5.230000   0.015000
 378.000000  -5.220000   0.015000
 379.000000  -5.210000   0.015000
 380.000000  -5.200000   0.015000
 381.000000  -5.190000   0.015000
 382.000000  -5.180000   0.015000
 383.000000  -5.170000   0.015000
 384.000000  -5.160000   0.015000
 385.000000  -5.150000   0.015000
 386.000000  -5.140000   0.015000
 387.000000  -5.130000   0.015000
 388.000000  -5.120000   0.015000
 389.000000  -5.110000   0.015000
 390.000000  -5.100000   0.015000
 391.000000  -5.090000   0.015000
 392.000000  -5.080000   0.015000
 393.000000  -5.070000   0.015000
 394.000000  -5.060000   0.015000
 395.000000  -5.050000   0.015000
 396.000000  -5.040000   0.015000
 397.000000  -5.030000   0.015000
 398.000000  -5.020000   0.015000
 399.000000  -5.010000   0.015000
 400.000000  -5.000000   0.015000
 401.000000  -4.990000   0.015000
 402.000000  -4.980000   0.015000
 403.000000  -4.970000   0.015000
 404.000000  -4.960000   0.015000
 405.000000  -4.950000   0.015000
 406.000000  -4.940000   0.015000
 407.000000  -4.930000   0.015000
 408.000000  -4.920000   0.015000
 409.000000  -4.910000   0.015000
 410.000000  -4.900000   0.015000
 411.000000  -4.890000   0.015000
 412.000000  -4.880000   0.015000
 413.000000  -4.870000   0.015000
 414.000000  -4.860000   0.015000
 415.000000  -4.850000   0.015000
 416.000000  -4.840000   0.015000
 417.000000  -4.830000   0.015000
 418.000000  -4.820000   0.015000
 419.000000  -4.810000   0.015000
 420.000000  -4.800000   0.015000
 421.000000  -4.790000   0.015000
 422.000000  -4.780000   0.015000
 423.000000  -4.770000   0.015000
 424.000000  -4.760000   0.015000
 425.000000  -4.750000   0.015000
 426.000000  -4.740000   0.015000
 427.000000  -4.730000   0.015000
 428.000000  -4.720000   0.015000
 429.000000  -4.710000   0.015000
 430.000000  -4.700000   0.015000
 431.000000  -4.690000   0.015000
 432.000000  -4.680000   0.015000
 433.000000  -4.670000   0.015000
 434.000000  -4.660000   0.015000
 435.000000  -4.650000   0.015000
 436.000000  -4.640000   0.015000
 437.000000  -4.630000   0.015000
 438.000000  -4.620000   0.015000
 439.000000  -4.610000   0.015000
 440.000000  -4.600000   0.015000
 441.000000  -4.590000   0.015000
 442.000000  -4.580000   0.015000
 443.000000  -4.570000   0.015000
 444.000000  -4.560000   0.015000
 445.000000  -4.550000   0.015000
 446.000000  -4.540000   0.015000
 447.000000  -4.530000   0.015000
 448.000000  -4.520000   0.015000
 449.000000  -4.510000   0.015000
 450.000000  -4.500000   0.015000
 451.000000  -4.490000   0.015000
 452.000000  -4.480000   0.015000
 453.000000  -4.470000   0.015000
 454.000000  -4.460000   0.015000
 455.000000  -4.450000   0.015000
 456.000000  -4.440000   0.015000
 457.000000  -4.430000   0.015000
 458.000000  -4.420000   0.015000
 459.000000  -4.410000   0.015000
 460.000000  -4.400000   0.015000
 461.000000  -4.390000   0.015000
 462.000000  -4.380000   0.015000
 463.000000  -4.370000   0.015000
 464.000000  -4.360000   0.015000
 465.000000  -4.350000   0.015000
 466.000000  -4.340000   0.015000
 467.000000  -4.330000   0.015000
 468.000000  -4.320000   0.015000
 469.000000  -4.310000   0.015000
 470.000000  -4.300000   0.015000
 471.000000  -4.290000   0.015000
 472.000000  -4.280000   0.015000
 473.000000  -4.270000   0.015000
 474.000000  -4.260000   0.015000
 475.000000  -4.250000   0.015000
 476.000000  -4.240000   0.015000
 477.000000  -4.230000   0.015000
 478.000000  -4.220000   0.015000
 479.000000  -4.210000   0.015000
 480.000000  -4.200000   0.015000
 481.000000  -4.190000   0.015000
 482.000000  -4.180000   0.015000
 483.000000  -4.170000   0.015000
 484.000000  -4.160000   0.015000
 485.000000  -4.150000   0.015000
 486.000000  -4.140000   0.015000
 487.000000  -4.130000   0.015000
 488.000000  -4.120000   0.015000
 489.000000  -4.110000   0.015000
 490.000000  -4.100000   0.015000
 491.000000  -4.090000   0.015000
 492.000000  -4.080000   0.015000
 493.000000  -4.070000   0.015000
 494.000000  -4.060000   0.015000
 495.000000  -4.050000   0.015000
 496.000000  -4.040000   0.015000
 497.000000  -4.030000   0.015000
 498.000000  -4.020000   0.015000
 499.000000  -4.010000   0.015000
 500.000000  -4.000000   0.015000
 501.000000  -3.990000   0.015000
 502.000000  -3.980000   0.015000
 503.000000  -3.970000   0.015000
 504.000000  -3.960000   0.015000
 505.000000  -3.950000   0.015000
 506.000000  -3.940000   0.015000
 507.000000  -3.930000   0.015000
 508.000000  -3.920000   0.015000
 509.000000  -3.910000   0.015000
 510.000000  -3.900000   0.015000
 511.000000  -3.890000   0.015000
 512.000000  -3.880000   0.015000
 513.000000  -3.870000   0.015000
 514.000000  -3.860000   0.015000
 515.000000  -3.850000   0.015000
 516.000000  -3.840000   0.015000
 517.000000  -3.830000   0.015000
 518.000000  -3.820000   0.015000
 519.000000  -3.810000   0.015000
 520.000000  -3.800000   0.015000
 521.000000  -3.790000   0.015000
 522.000000  -3.780000   0.015000
 523.000000  -3.770000   0.015000
 524.000000  -3.760000   0.015000
 525.000000  -3.750000   0.015000
 526.000000  -3.740000   0.015000
 527.000000  -3.730000   0.015000
 528.000000  -3.720000   0.015000
 529.000000  -3.710000   0.015000
 530.000000  -3.700000   0.015000
 531.000000  -3.690000   0.015000
 532.000000  -3.680000   0.015000
 533.000000  -3.670000   0.015000
 534.000000  -3.660000   0.015000
 535.000000  -3.650000   0.015000
 536.000000  -3.640000   0.015000
 537.000000  -3.630000   0.015000
 538.000000  -3.620000   0.015000
 539.000000  -3.610000   0.015000
 540.000000  -3.600000   0.015000
 541.000000  -3.590000   0.015000
 542.000000  -3.580000   0.015000
 543.000000  -3.570000   0.015000
 544.000000  -3.560000   0.015000
 545.000000  -3.550000   0.015000
 546.000000  -3.540000   0.015000
 547.000000  -3.530000   0.015000
 548.000000  -3.520000   0.015000
 549.000000  -3.510000   0.015000
 550.000000  -3.500000   0.015000
 551.000000  -3.490000   0.015000
 552.000000  -3.480000   0.015000
 553.000000  -3.470000   0.015000
 554.000000  -3.460000   0.015000
 555.000000  -3.450000   0.015000
 556.000000  -3.440000   0.015000
 557.000000  -3.430000   0.015000
 558.000000  -3.420000   0.015000
 559.000000  -3.410000   0.015000
 560.000000  -3.400000   0.015000
 561.000000  -3.390000   0.015000
 562.000000  -3.380000   0.015000
 563.000000  -3.370000   0.015000
 564.000000  -3.360000   0.015000
 565.000000  -3.350000   0.015000
 566.000000  -3.340000   0.015000
 567.000000  -3.330000   0.015000
 568.000000  -3.320000   0.015000
 569.000000  -3.310000   0.015000
 570.000000  -3.300000   0.015000
 571.000000  -3.290000   0.015000
 572.000000  -3.280000   0.015000
 573.000000  -3.270000   0.015000
 574.000000  -3.260000   0.015000
 575.000000  -3.250000   0.015000
 576.000000  -3.240000   0.015000
 577.000000  -3.230000   0.015000
 578.000000  -3.220000   0.015000
 579.000000  -3.210000   0.015000
 580.000000  -3.200000   0.015000
 581.000000  -3.190000   0.015000
 582.000000  -3.180000   0.015000
 583.000000  -3.170000   0.015000
 584.000000  -3.160000   0.015000
 585.000000  -3.150000   0.015000
 586.000000  -3.140000   0.015000
 587.000000  -3.130000   0.015000
 588.000000  -3.120000   0.015000
 589.000000  -3.110000   0.015000
 590.000000  -3.100000   0.015000
 591.000000  -3.090000   0.015000
 592.000000  -3.080000   0.015000
 593.000000  -3.070000   0.015000
 594.000000  -3.060000   0.015000
 595.000000  -3.050000   0.015000
 596.000000  -3.040000   0.015000
 597.000000  -3.030000   0.015000
 598.000000  -3.020000   0.015000
 599.000000  -3.010000   0.015000
 600.000000  -3.000000   0.015000
 601.000000  -2.990000   0.015000
 602.000000  -2.980000   0.015000
 603.000000  -2.970000   0.015000
 604.000000  -2.960000   0.015000
 605.000000  -2.950000   0.015000
 606.000000  -2.940000   0.015000
 607.000000  -2.930000   0.015000
 608.000000  -2.920000   0.015000
 609.000000  -2.910000   0.015000
 610.000000  -2.900000   0.015000
 611.000000  -2.890000   0.015000
 612.000000  -2.880000   0.015000
 613.000000  -2.870000   0.015000
 614.000000  -2.860000   0.015000
 615.000000  -2.850000   0.015000
 616.000000  -2.840000   0.015000
 617.000000  -2.830000   0.015000
 618.000000  -2.820000   0.015000
 619.000000  -2.810000   0.015000
 620.000000  -2.800000   0.015000
 621.000000  -2.790000   0.015000
 622.000000  -2.780000   0.015000
 623.000000  -2.770000   0.015000
 624.000000  -2.760000   0.015000
 625.000000  -2.750000   0.015000
 626.000000  -2.740000   0.015000
 627.000000  -2.730000   0.015000
 628.000000  -2.720000   0.015000
 629.000000  -2.710000   0.015000
 630.000000  -2.700000   0.015000
 631.000000  -2.690000   0.015000
 632.000000  -2.680000   0.015000
 633.000000  -2.670000   0.015000
 634.000000  -2.660000   0.015000
 635.000000  -2.650000   0.015000
 636.000000  -2.640000   0.015000
 637.000000  -2.630000   0.015000
 638.000000  -2.620000   0.015000
 639.000000  -2.610000   0.015000
 640.000000  -2.600000   0.015000
 641.000000  -2.590000   0.015000
 642.000000  -2.580000   0.015000
 643.000000  -2.570000   0.015000
 644.000000  -2.560000   0.015000
 645.000000  -2.550000   0.015000
 646.000000  -2.540000   0.015000
 647.000000  -2.530000   0.015000
 648.000000  -2.520000   0.015000
 649.000000  -2.510000   0.015000
 650.000000  -2.500000   0.015000
 651.000000  -2.490000   0.015000
 652.000000  -2.480000   0.015000
 653.000000  -2.470000   0.015000
 654.000000  -2.460000   0.015000
 655.000000  -2.450000   0.015000
 656.000000  -2.440000   0.015000
 657.000000  -2.430000   0.015000
 658.000000  -2.420000   0.015000
 659.000000  -2.410000   0.015000
 660.000000  -2.400000   0.015000
 661.000000  -2.390000   0.015000
 662.000000  -2.380000   0.015000
 663.000000  -2.370000   0.015000
 664.000000  -2.360000   0.015000
 665.000000  -2.350000   0.015000
 666.000000  -2.340000   0.015000
 667.000000  -2.330000   0.015000
 668.000000  -2.320000   0.015000
 669.000000  -2.310000   0.015000
 670.000000  -2.300000   0.015000
 671.000000  -2.290000   0.015000
 672.000000  -2.280000   0.015000
 673.000000  -2.270000   0.015000
 674.000000  -2.260000   0.015000
 675.000000  -2.250000   0.015000
 676.000000  -2.240000   0.015000
 677.000000  -2.230000   0.015000
 678.000000  -2.220000   0.015000
 679.000000  -2.210000   0.015000
 680.000000  -2.200000   0.015000
 681.000000  -2.190000   0.015000
 682.000000  -2.180000   0.015000
 683.000000  -2.170000   0.015000
 684.000000  -2.160000   0.015000
 685.000000  -2.150000   0.015000
 686.000000  -2.140000   0.015000
 687.000000  -2.130000   0.015000
 688.000000  -2.120000   0.015000
 689.000000  -2.110000   0.015000
 690.000000  -2.100000   0.015000
 691.000000  -2.090000   0.015000
 692.000000  -2.080000   0.015000
 693.000000  -2.070000   0.015000
 694.000000  -2.060000   0.015000
 695.000000  -2.050000   0.015000
 696.000000  -2.040000   0.015000
 697.000000  -2.030000   0.015000
 698.000000  -2.020000   0.015000
 699.000000  -2.010000   0.015000
 700.000000  -2.000000   0.015000
 701.000000  -1.990000   0.015000
 702.000000  -1.980000   0.015000
 703.000000  -1.970000   0.015000
 704.000000  -1.960000   0.015000
 705.000000  -1.950000   0.015000
 706.000000  -1.940000   0.015000
 707.000000  -1.930000   0.015000
 708.000000  -1.920000   0.015000
 709.000000  -1.910000   0.015000
 710.000000  -1.900000   0.015000
 711.000000  -1.890000   0.015000
 712.000000  -1.880000   0.015000
 713.000000  -1.870000   0.015000
 714.000000  -1.860000   0.015000
 715.000000  -1.850000   0.015000
 716.000000  -1.840000   0.015000
 717.000000  -1.830000   0.015000
 718.000000  -1.820000   0.015000
 719.000000  -1.810000   0.015000
 720.000000  -1.800000   0.015000
 721.000000  -1.790000   0.015000
 722.000000  -1.780000   0.015000
 723.000000  -1.770000   0.015000
 724.000000  -1.760000   0.015000
 725.000000  -1.750000   0.015000
 726.000000  -1.740000   0.015000
 727.000000  -1.730000   0.015000
 728.000000  -1.720000   0.015000
 729.000000  -1.710000   0.015000
 730.000000  -1.700000   0.015000
 731.000000  -1.690000   0.015000
 732.000000  -1.680000   0.015000
 733.000000  -1.670000   0.015000
 734.000000  -1.660000   0.015000
 735.000000  -1.650000   0.015000
 736.000000  -1.640000   0.015000
 737.000000  -1.630000   0.015000
 738.000000  -1.620000   0.015000
 739.000000  -1.610000   0.015000
 740.000000  -1.600000   0.015000
 741.000000  -1.590000   0.015000
 742.000000  -1.580000   0.015000
 743.000000  -1.570000   0.015000
 744.000000  -1.560000   0.015000
 745.000000  -1.550000   0.015000
 746.000000  -1.540000   0.015000
 747.000000  -1.530000   0.015000
 748.000000  -1.520000   0.015000
 749.000000  -1.510000   0.015000
 750.000000  -1.500000   0.015000
 751.000000  -1.490000   0.015000
 752.000000  -1.480000   0.015000
 753.000000  -1.470000   0.015000
 754.000000  -1.460000   0.015000
 755.000000  -1.450000   0.015000
 756.000000  -1.440000   0.015000
 757.000000  -1.430000   0.015000
 758.000000  -1.420000   0.015000
 759.000000  -1.410000   0.015000
 760.000000  -1.400000   0.015000
 761.000000  -1.390000   0.015000
 762.000000  -1.380000   0.015000
 763.000000  -1.370000   0.015000
 764.000000  -1.360000   0.015000
 765.000000  -1.350000   0.015000
 766.000000  -1.340000   0.015000
 767.000000  -1.330000   0.015000
 768.000000  -1.320000   0.015000
 769.000000  -1.310000   0.015000
 770.000000  -1.300000   0.015000
 771.000000  -1.290000   0.015000
 772.000000  -1.280000   0.015000
 773.000000  -1.270000   0.015000
 774.000000  -1.260000   0.015000
 775.000000  -1.250000   0.015000
 776.000000  -1.240000   0.015000
 777.000000  -1.230000   0.015000
 778.000000  -1.220000   0.015000
 779.000000  -1.210000   0.015000
 780.000000  -1.200000   0.015000
 781.000000  -1.190000   0.015000
 782.000000  -1.180000   0.015000
 783.000000  -1.170000   0.015000
 784.000000  -1.160000   0.015000
 785.000000  -1.150000   0.015000
 786.000000  -1.140000   0.015000
 787.000000  -1.130000   0.015000
 788.000000  -1.120000   0.015000
 789.000000  -1.110000   0.015000
 790.000000  -1.100000   0.015000
 791.000000  -1.090000   0.015000
 792.000000  -1.080000   0.015000
 793.000000  -1.070000   0.015000
 794.000000  -1.060000   0.015000
 795.000000  -1.050000   0.015000
 796.000000  -1.040000   0.015000
 797.000000  -1.030000   0.015000
 798.000000  -1.020000   0.015000
 799.000000  -1.010000   0.015000
 800.000000  -1.000000   0.015000
 801.000000  -0.990000   0.015000
 802.000000  -0.980000   0.015000
 803.000000  -0.970000   0.015000
 804.000000  -0.960000   0.015000
 805.000000  -0.950000   0.015000
 806.000000  -0.940000   0.015000
 807.000000  -0.930000   0.015000
 808.000000  -0.920000   0.015000
 809.000000  -0.910000   0.015000
 810.000000  -0.900000   0.015000
 811.000000  -0.890000   0.015000
 812.000000  -0.880000   0.015000
 813.000000  -0.870000   0.015000
 814.000000  -0.860000   0.015000
 815.000000  -0.850000   0.015000
 816.000000  -0.840000   0.015000
 817.000000  -0.830000   0.015000
 818.000000  -0.820000   0.015000
 819.000000  -0.810000   0.015000
 820.000000  -0.800000   0.015000
 821.000000  -0.790000   0.015000
 822.000000  -0.780000   0.015000
 823.000000  -0.770000   0.015000
 824.000000  -0.760000   0.015000
 825.000000  -0.750000   0.015000
 826.000000  -0.740000   0.015000
 827.000000  -0.730000   0.015000
 828.000000  -0.720000   0.015000
 829.000000  -0.710000   0.015000
 830.000000  -0.700000   0.015000
 831.000000  -0.690000   0.015000
 832.000000  -0.680000   0.015000
 833.000000  -0.670000   0.015000
 834.000000  -0.660000   0.015000
 835.000000  -0.650000   0.015000
 836.000000  -0.640000   0.015000
 837.000000  -0.630000   0.015000
 838.000000  -0.620000   0.015000
 839.000000  -0.610000   0.015000
 840.000000  -0.600000   0.015000
 841.000000  -0.590000   0.015000
 842.000000  -0.580000   0.015000
 843.000000  -0.570000   0.015000
 844.000000  -0.560000   0.015000
 845.000000  -0.550000   0.015000
 846.000000  -0.540000   0.015000
 847.000000  -0.530000   0.015000
 848.000000  -0.520000   0.015000
 849.000000  -0.510000   0.015000
 850.000000  -0.500000   0.015000
 851.000000  -0.490000   0.015000
 852.000000  -0.480000   0.015000
 853.000000  -0.470000   0.015000
 854.000000  -0.460000   0.015000
 855.000000  -0.450000   0.015000
 856.000000  -0.440000   0.015000
 857.000000  -0.430000   0.015000
 858.000000  -0.420000   0.015000
 859.000000  -0.410000   0.015000
 860.000000  -0.400000   0.015000
 861.000000  -0.390000   0.015000
 862.000000  -0.380000   0.015000
 863.000000  -0.370000   0.015000
 864.000000  -0.360000   0.015000
 865.000000  -0.350000   0.015000
 866.000000  -0.340000   0.015000
 867.000000  -0.330000   0.015000
 868.000000  -0.320000   0.015000
 869.000000  -0.310000   0.015000
 870.000000  -0.300000   0.015000
 871.000000  -0.290000   0.015000
 872.000000  -0.280000   0.015000
 873.000000  -0.270000   0.015000
 874.000000  -0.260000   0.015000
 875.000000  -0.250000   0.015000
 876.000000  -0.240000   0.015000
 877.000000  -0.230000   0.015000
 878.000000  -0.220000   0.015000
 879.000000  -0.210000   0.015000
 880.000000  -0.200000   0.015000
 881.000000  -0.190000   0.015000
 882.000000  -0.180000   0.015000
 883.000000  -0.170000   0.015000
 884.000000  -0.160000   0.015000
 885.000000  -0.150000   0.015000
 886.000000  -0.140000   0.015000
 887.000000  -0.130000   0.015000
 888.000000  -0.120000   0.015000
 889.000000  -0.110000   0.015000
 890.000000  -0.100000   0.015000
 891.000000  -0.090000   0.015000
 892.000000  -0.080000   0.015000
 893.000000  -0.070000   0.015000
 894.000000  -0.060000   0.015000
 895.000000  -0.050000   0.015000
 896.000000  -0.040000   0.015000
 897.000000  -0.030000   0.015000
 898.000000  -0.020000   0.015000
 899.000000  -0.010000   0.015000
 900.000000   0.000000   0.015000
 901.000000   0.010000   0.015000
 902.000000   0.020000   0.015000
 903.000000   0.030000   0.015000
 904.000000   0.040000   0.015000
 905.000000   0.050000   0.015000
 906.000000   0.060000   0.015000
 907.000000   0.070000   0.015000
 908.000000   0.080000   0.015000
 909.000000   0.090000   0.015000
 910.000000   0.100000   0.015000
 911.000000   0.110000   0.015000
 912.000000   0.120000   0.015000
 913.000000   0.130000   0.015000
 914.000000   0.140000   0.015000
 915.000000   0.150000   0.015000
 916.000000   0.160000   0.015000
 917.000000   0.170000   0.015000
 918.000000   0.180000   0.015000
 919.000000   0.190000   0.015000
 920.000000   0.200000   0.015000
 921.000000   0.210000   0.015000
 922.000000   0.220000   0.015000
 923.000000   0.230000   0.015000
 924.000000   0.240000   0.015000
 925.000000   0.250000   0.015000
 926.000000   0.260000   0.015000
 927.000000   0.270000   0.015000
 928.000000   0.280000   0.015000
 929.000000   0.290000   0.015000
 930.000000   0.300000   0.015000
 931.000000   0.310000   0.015000
 932.000000   0.320000   0.015000
 933.000000   0.330000   0.015000
 934.000000   0.340000   0.015000
 935.000000   0.350000   0.015000
 936.000000   0.360000   0.015000
 937.000000   0.370000   0.015000
 938.000000   0.380000   0.015000
 939.000000   0.390000   0.015000
 940.000000   0.400000   0.015000
 941.000000   0.410000   0.015000
 942.000000   0.420000   0.015000
 943.000000   0.430000   0.015000
 944.000000   0.440000   0.015000
 945.000000   0.450000   0.015000
 946.000000   0.454897   0.015000
 947.000000   0.569867   0.015000
 948.000000   0.720078   0.015000
 949.000000   0.873629   0.015000
 950.000000   1.055444   0.015000
 951.000000   1.317965   0.015000
 952.000000   1.629254   0.015000
 953.000000   1.864648   0.015000
 954.000000   1.952866   0.015000
 955.000000   1.945103   0.015000
 956.000000   1.931941   0.015000
 957.000000   1.931432   0.015000
 958.000000   1.937657   0.015000
 959.000000   1.946789   0.015000
 960.000000   1.956548   0.015000
 961.000000   1.965341   0.015000
 962.000000   1.976872   0.015000
 963.000000   1.999632   0.015000
 964.000000   2.045385   0.015000
 965.000000   2.122679   0.015000
 966.000000   2.218042   0.015000
 967.000000   2.377665   0.015000
 968.000000   2.505755   0.015000
 969.000000   2.950496   0.015000
 970.000000   3.589361   0.015000
 971.000000   4.317273   0.015000
 972.000000   4.908495   0.015000
 973.000000   5.375099   0.015000
 974.000000   5.854070   0.015000
 975.000000   6.164234   0.015000
 976.000000   6.245951   0.015000
 977.000000   6.156616   0.015000
 978.000000   6.128052   0.015000
 979.000000   6.203453   0.015000
 980.000000   6.380130   0.015000
 981.000000   6.513539   0.015000
 982.000000   6.655215   0.015000
 983.000000   6.970656   0.015000
 984.000000   7.312062   0.015000
 985.000000   7.555262   0.015000
 986.000000   7.775527   0.015000
 987.000000   8.073499   0.015000
 988.000000   8.127873   0.015000
 989.000000   8.157717   0.015000
 990.000000   8.254438   0.015000
 991.000000   8.430345   0.015000
 992.000000   8.610683   0.015000
 993.000000   8.666300   0.015000
 994.000000   8.862173   0.015000
 995.000000   9.101286   0.015000
