3 
------------------------------------------------------------ 
CSHORE model run defaults 
------------------------------------------------------------ 
1                                         ->ILINE
1                                         ->IPROFL
0                                         ->ISEDAV
0                                         ->IPERM
1                                         ->IOVER
0                                         ->IWTRAN
0                                         ->IPOND
0                                         ->INFILT
0                                         ->IWCINT
1                                         ->IROLL 
0                                         ->IWIND 
0                                         ->ITIDE 
0                                         ->IVEG  
     1.0000                                ->DXC
     0.8000                                ->GAMMA 
     0.3000     0.0448     2.6500         ->D50 WF SG
     0.0050     0.0100     0.5000     0.1000              ->EFFB EFFF SLP
     0.6300     0.0010                    ->TANPHI BLP
     0.0200                               ->RWH 
0                                         ->ILAB
141                                       ->NWAVE 
141                                       ->NSURGE 
       0.00     6.4725     0.5083     0.0000
    3600.00     6.1934     0.5039     0.0000
    7200.00     5.7559     0.5061     0.0000
   10800.00     6.7447     0.5080     0.0000
   14400.00     6.4334     0.5218     0.0000
   18000.00     6.2600     0.5169     0.0000
   21600.00     7.8225     0.4994     0.0000
   25200.00     9.0779     0.5241     0.0000
   28800.00     8.8948     0.5129     0.0000
   32400.00     8.8458     0.5576     0.0000
   36000.00     8.2073     0.5971     0.0000
   39600.00     8.7337     0.6310     0.0000
   43200.00     8.5808     0.6275     0.0000
   46800.00     8.6996     0.6758     0.0000
   50400.00     7.9847     0.7289     0.0000
   54000.00     8.1055     0.6969     0.0000
   57600.00     8.2352     0.7047     0.0000
   61200.00     7.0089     0.6802     0.0000
   64800.00     9.1042     0.6782     0.0000
   68400.00     8.9756     0.6353     0.0000
   72000.00     8.2886     0.6112     0.0000
   75600.00     8.9766     0.6319     0.0000
   79200.00     8.5918     0.6450     0.0000
   82800.00     9.0991     0.6658     0.0000
   86400.00     8.5659     0.6920     0.0000
   90000.00     8.4389     0.6741     0.0000
   93600.00     8.4212     0.6126     0.0000
   97200.00     9.3643     0.6680     0.0000
  100800.00     8.3117     0.6250     0.0000
  104400.00     8.2495     0.6507     0.0000
  108000.00    10.7918     0.6028     0.0000
  111600.00    12.5196     0.6188     0.0000
  115200.00    10.6533     0.6089     0.0000
  118800.00    11.7360     0.5719     0.0000
  122400.00     8.8207     0.6012     0.0000
  126000.00     8.6610     0.6277     0.0000
  129600.00    11.0797     0.6027     0.0000
  133200.00     8.5614     0.6210     0.0000
  136800.00     8.3366     0.6547     0.0000
  140400.00     8.2785     0.7133     0.0000
  144000.00    11.7902     0.7289     0.0000
  147600.00     8.6025     0.7251     0.0000
  151200.00    11.2531     0.7508     0.0000
  154800.00     4.3820     0.8641     0.0000
  158400.00     5.8528     1.0450     0.0000
  162000.00     5.9307     1.1707     0.0000
  165600.00     6.4156     1.2691     0.0000
  169200.00     6.4989     1.3274     0.0000
  172800.00     6.0929     1.3247     0.0000
  176400.00     5.9748     1.4126     0.0000
  180000.00     6.1920     1.4277     0.0000
  183600.00     6.2298     1.7390     0.0000
  187200.00     6.5246     1.8307     0.0000
  190800.00     6.3356     1.7853     0.0000
  194400.00     7.5887     1.8517     0.0000
  198000.00     8.2662     1.9568     0.0000
  201600.00     8.6414     2.3309     0.0000
  205200.00     9.2816     2.3954     0.0000
  208800.00     9.3614     2.3595     0.0000
  212400.00    10.2981     2.4564     0.0000
  216000.00    10.3164     2.6929     0.0000
  219600.00    11.4005     3.2626     0.0000
  223200.00    11.8987     3.8081     0.0000
  226800.00     8.7196     4.6478     0.0000
  237600.00     9.0358     3.7023     0.0000
  241200.00     9.0662     3.3304     0.0000
  244800.00     9.2745     3.0667     0.0000
  248400.00     9.9695     2.6904     0.0000
  252000.00     9.7570     2.6149     0.0000
  255600.00     9.8528     2.3901     0.0000
  259200.00     9.5068     2.2904     0.0000
  262800.00     9.7848     2.2266     0.0000
  266400.00     9.7088     2.1028     0.0000
  270000.00    11.0041     1.9610     0.0000
  273600.00    10.8844     1.8510     0.0000
  277200.00    10.4303     1.8787     0.0000
  280800.00    10.5150     1.6991     0.0000
  284400.00    10.8349     1.6986     0.0000
  288000.00    10.4715     1.5746     0.0000
  291600.00    10.4354     1.5944     0.0000
  295200.00     9.5759     1.3547     0.0000
  298800.00    10.4317     1.4171     0.0000
  302400.00    10.1018     1.4589     0.0000
  306000.00    10.1103     1.3944     0.0000
  309600.00    10.7369     1.3420     0.0000
  313200.00    11.0967     1.3555     0.0000
  316800.00    10.7728     1.4073     0.0000
  320400.00    11.0941     1.4391     0.0000
  324000.00    11.3850     1.2639     0.0000
  327600.00    10.2275     1.2192     0.0000
  331200.00    11.1421     1.1998     0.0000
  334800.00    10.1551     1.1777     0.0000
  338400.00    10.8326     1.0961     0.0000
  342000.00    10.5406     1.0701     0.0000
  345600.00     9.3429     1.0978     0.0000
  349200.00    10.5734     1.0447     0.0000
  352800.00    10.3982     0.9873     0.0000
  356400.00     8.6383     0.9394     0.0000
  360000.00    10.4217     0.8921     0.0000
  363600.00    10.4858     0.8931     0.0000
  367200.00    10.3376     0.8246     0.0000
  370800.00    10.0475     0.8830     0.0000
  374400.00     9.7681     0.8444     0.0000
  378000.00     9.5387     0.8097     0.0000
  381600.00    10.7014     0.8256     0.0000
  385200.00     9.0188     0.7564     0.0000
  388800.00     7.9365     0.7231     0.0000
  392400.00    10.7014     0.7811     0.0000
  396000.00     7.3585     0.7803     0.0000
  399600.00    11.5370     0.7608     0.0000
  403200.00    10.8928     0.7537     0.0000
  406800.00    10.2256     0.7214     0.0000
  410400.00     9.4394     0.6780     0.0000
  414000.00     8.8404     0.6421     0.0000
  417600.00    11.0599     0.6025     0.0000
  421200.00    10.9226     0.6069     0.0000
  424800.00    10.6941     0.5717     0.0000
  428400.00    10.7431     0.6041     0.0000
  432000.00    11.0993     0.6267     0.0000
  435600.00    10.1202     0.6032     0.0000
  439200.00     8.8871     0.5785     0.0000
  442800.00     9.6206     0.5675     0.0000
  446400.00    12.2324     0.5884     0.0000
  450000.00     9.8177     0.6250     0.0000
  453600.00    12.0347     0.5824     0.0000
  457200.00    11.8769     0.5598     0.0000
  460800.00    11.3618     0.5332     0.0000
  464400.00    11.8328     0.5012     0.0000
  468000.00    10.9146     0.4911     0.0000
  471600.00    10.4033     0.4782     0.0000
  475200.00    10.1565     0.4660     0.0000
  478800.00     9.3436     0.4462     0.0000
  482400.00     9.1193     0.4616     0.0000
  486000.00    10.3237     0.4540     0.0000
  489600.00    10.4449     0.4516     0.0000
  493200.00    10.8049     0.4644     0.0000
  496800.00    10.4474     0.4805     0.0000
  500400.00     9.8768     0.4605     0.0000
  504000.00    10.0403     0.4513     0.0000
  507600.00     9.6850     0.4596     0.0000
  511200.00     9.7562     0.4562     0.0000
  514800.00     9.6880     0.4528     0.0000
       0.00     0.0569
    3600.00     0.3360
    7200.00     0.5441
   10800.00     0.6201
   14400.00     0.5783
   18000.00     0.4623
   21600.00     0.2401
   25200.00    -0.0456
   28800.00    -0.2905
   32400.00    -0.4241
   36000.00    -0.3844
   39600.00    -0.2756
   43200.00     0.0023
   46800.00     0.2857
   50400.00     0.5717
   54000.00     0.7390
   57600.00     0.7662
   61200.00     0.7101
   64800.00     0.5188
   68400.00     0.2380
   72000.00    -0.0618
   75600.00    -0.2629
   79200.00    -0.3467
   82800.00    -0.3263
   86400.00    -0.2043
   90000.00    -0.0088
   93600.00     0.2172
   97200.00     0.3994
  100800.00     0.4584
  104400.00     0.4348
  108000.00     0.3025
  111600.00     0.0853
  115200.00    -0.1439
  118800.00    -0.3215
  122400.00    -0.4070
  126000.00    -0.3729
  129600.00    -0.2408
  133200.00    -0.0306
  136800.00     0.2442
  140400.00     0.5308
  144000.00     0.6883
  147600.00     0.7167
  151200.00     0.6480
  154800.00     0.5212
  158400.00     0.3378
  162000.00     0.1087
  165600.00    -0.0527
  169200.00    -0.0761
  172800.00    -0.0420
  176400.00     0.0813
  180000.00     0.2894
  183600.00     0.5491
  187200.00     0.7109
  190800.00     0.7392
  194400.00     0.7532
  198000.00     0.6669
  201600.00     0.6106
  205200.00     0.4253
  208800.00     0.2941
  212400.00     0.2564
  216000.00     0.3372
  219600.00     0.5108
  223200.00     0.7379
  226800.00     0.8211
  237600.00     1.3840
  241200.00     1.4693
  244800.00     1.2923
  248400.00     0.9275
  252000.00     0.6321
  255600.00     0.4304
  259200.00     0.3625
  262800.00     0.3854
  266400.00     0.4386
  270000.00     0.6109
  273600.00     0.7320
  277200.00     0.7893
  280800.00     0.8550
  284400.00     0.8522
  288000.00     0.7182
  291600.00     0.5261
  295200.00     0.3422
  298800.00     0.2176
  302400.00     0.0885
  306000.00     0.0907
  309600.00     0.2001
  313200.00     0.4015
  316800.00     0.6257
  320400.00     0.7890
  324000.00     0.9279
  327600.00     0.9549
  331200.00     0.9062
  334800.00     0.7403
  338400.00     0.5216
  342000.00     0.2840
  345600.00     0.0764
  349200.00    -0.0292
  352800.00    -0.0411
  356400.00     0.0405
  360000.00     0.1900
  363600.00     0.3376
  367200.00     0.4642
  370800.00     0.5118
  374400.00     0.4818
  378000.00     0.4043
  381600.00     0.2569
  385200.00     0.0873
  388800.00    -0.0822
  392400.00    -0.1727
  396000.00    -0.1746
  399600.00    -0.0751
  403200.00     0.0868
  406800.00     0.3013
  410400.00     0.5275
  414000.00     0.6469
  417600.00     0.6832
  421200.00     0.6207
  424800.00     0.4876
  428400.00     0.2970
  432000.00     0.0457
  435600.00    -0.1366
  439200.00    -0.2243
  442800.00    -0.2050
  446400.00    -0.1439
  450000.00     0.0043
  453600.00     0.1795
  457200.00     0.3174
  460800.00     0.3542
  464400.00     0.3365
  468000.00     0.2258
  471600.00     0.0761
  475200.00    -0.1399
  478800.00    -0.3252
  482400.00    -0.4129
  486000.00    -0.4229
  489600.00    -0.3467
  493200.00    -0.1872
  496800.00     0.0525
  500400.00     0.2403
  504000.00     0.3693
  507600.00     0.3908
  511200.00     0.3542
  514800.00     0.2440
287                                  ->NBINP 
   0.000000  -8.000000   0.015000
   1.000000  -8.000000   0.015000
   2.000000  -8.000000   0.015000
   3.000000  -8.000000   0.015000
   4.000000  -8.000000   0.015000
   5.000000  -8.000000   0.015000
   6.000000  -8.000000   0.015000
   7.000000  -8.000000   0.015000
   8.000000  -8.000000   0.015000
   9.000000  -8.000000   0.015000
  10.000000  -8.000000   0.015000
  11.000000  -8.000000   0.015000
  12.000000  -8.000000   0.015000
  13.000000  -8.000000   0.015000
  14.000000  -8.000000   0.015000
  15.000000  -8.000000   0.015000
  16.000000  -8.000000   0.015000
  17.000000  -8.000000   0.015000
  18.000000  -8.000000   0.015000
  19.000000  -8.000000   0.015000
  20.000000  -8.000000   0.015000
  21.000000  -8.000000   0.015000
  22.000000  -8.000000   0.015000
  23.000000  -8.000000   0.015000
  24.000000  -8.000000   0.015000
  25.000000  -8.000000   0.015000
  26.000000  -8.000000   0.015000
  27.000000  -8.000000   0.015000
  28.000000  -8.000000   0.015000
  29.000000  -8.000000   0.015000
  30.000000  -8.000000   0.015000
  31.000000  -8.000000   0.015000
  32.000000  -8.000000   0.015000
  33.000000  -8.000000   0.015000
  34.000000  -8.000000   0.015000
  35.000000  -8.000000   0.015000
  36.000000  -8.000000   0.015000
  37.000000  -8.000000   0.015000
  38.000000  -8.000000   0.015000
  39.000000  -8.000000   0.015000
  40.000000  -8.000000   0.015000
  41.000000  -8.000000   0.015000
  42.000000  -8.000000   0.015000
  43.000000  -8.000000   0.015000
  44.000000  -8.000000   0.015000
  45.000000  -8.000000   0.015000
  46.000000  -8.000000   0.015000
  47.000000  -8.000000   0.015000
  48.000000  -8.000000   0.015000
  49.000000  -8.000000   0.015000
  50.000000  -8.000000   0.015000
  51.000000  -8.000000   0.015000
  52.000000  -8.000000   0.015000
  53.000000  -8.000000   0.015000
  54.000000  -8.000000   0.015000
  55.000000  -8.000000   0.015000
  56.000000  -8.000000   0.015000
  57.000000  -8.000000   0.015000
  58.000000  -8.000000   0.015000
  59.000000  -8.000000   0.015000
  60.000000  -8.000000   0.015000
  61.000000  -8.000000   0.015000
  62.000000  -8.000000   0.015000
  63.000000  -8.000000   0.015000
  64.000000  -8.000000   0.015000
  65.000000  -8.000000   0.015000
  66.000000  -8.000000   0.015000
  67.000000  -8.000000   0.015000
  68.000000  -8.000000   0.015000
  69.000000  -8.000000   0.015000
  70.000000  -8.000000   0.015000
  71.000000  -8.000000   0.015000
  72.000000  -8.000000   0.015000
  73.000000  -8.000000   0.015000
  74.000000  -8.000000   0.015000
  75.000000  -8.000000   0.015000
  76.000000  -8.000000   0.015000
  77.000000  -8.000000   0.015000
  78.000000  -8.000000   0.015000
  79.000000  -8.000000   0.015000
  80.000000  -8.000000   0.015000
  81.000000  -8.000000   0.015000
  82.000000  -8.000000   0.015000
  83.000000  -8.000000   0.015000
  84.000000  -8.000000   0.015000
  85.000000  -8.000000   0.015000
  86.000000  -8.000000   0.015000
  87.000000  -8.000000   0.015000
  88.000000  -8.000000   0.015000
  89.000000  -8.000000   0.015000
  90.000000  -8.000000   0.015000
  91.000000  -8.000000   0.015000
  92.000000  -8.000000   0.015000
  93.000000  -8.000000   0.015000
  94.000000  -8.000000   0.015000
  95.000000  -8.000000   0.015000
  96.000000  -8.000000   0.015000
  97.000000  -8.000000   0.015000
  98.000000  -8.000000   0.015000
  99.000000  -8.000000   0.015000
 100.000000  -8.000000   0.015000
 101.000000  -7.930982   0.015000
 102.000000  -7.861964   0.015000
 103.000000  -7.792946   0.015000
 104.000000  -7.723927   0.015000
 105.000000  -7.654909   0.015000
 106.000000  -7.585891   0.015000
 107.000000  -7.516873   0.015000
 108.000000  -7.447855   0.015000
 109.000000  -7.378837   0.015000
 110.000000  -7.309818   0.015000
 111.000000  -7.240800   0.015000
 112.000000  -7.171782   0.015000
 113.000000  -7.102764   0.015000
 114.000000  -7.033746   0.015000
 115.000000  -6.964728   0.015000
 116.000000  -6.895709   0.015000
 117.000000  -6.826691   0.015000
 118.000000  -6.757673   0.015000
 119.000000  -6.688655   0.015000
 120.000000  -6.619637   0.015000
 121.000000  -6.550619   0.015000
 122.000000  -6.481600   0.015000
 123.000000  -6.412582   0.015000
 124.000000  -6.343564   0.015000
 125.000000  -6.274546   0.015000
 126.000000  -6.205528   0.015000
 127.000000  -6.136510   0.015000
 128.000000  -6.067492   0.015000
 129.000000  -5.998473   0.015000
 130.000000  -5.929455   0.015000
 131.000000  -5.860437   0.015000
 132.000000  -5.791419   0.015000
 133.000000  -5.722401   0.015000
 134.000000  -5.653383   0.015000
 135.000000  -5.584364   0.015000
 136.000000  -5.515346   0.015000
 137.000000  -5.446328   0.015000
 138.000000  -5.377310   0.015000
 139.000000  -5.308292   0.015000
 140.000000  -5.239274   0.015000
 141.000000  -5.170255   0.015000
 142.000000  -5.101237   0.015000
 143.000000  -5.032219   0.015000
 144.000000  -4.963201   0.015000
 145.000000  -4.894183   0.015000
 146.000000  -4.825165   0.015000
 147.000000  -4.756147   0.015000
 148.000000  -4.687128   0.015000
 149.000000  -4.618110   0.015000
 150.000000  -4.549092   0.015000
 151.000000  -4.480074   0.015000
 152.000000  -4.411056   0.015000
 153.000000  -4.342038   0.015000
 154.000000  -4.273019   0.015000
 155.000000  -4.204001   0.015000
 156.000000  -4.134983   0.015000
 157.000000  -4.065965   0.015000
 158.000000  -3.996947   0.015000
 159.000000  -3.927929   0.015000
 160.000000  -3.858910   0.015000
 161.000000  -3.789892   0.015000
 162.000000  -3.720874   0.015000
 163.000000  -3.651856   0.015000
 164.000000  -3.582838   0.015000
 165.000000  -3.513820   0.015000
 166.000000  -3.444801   0.015000
 167.000000  -3.375783   0.015000
 168.000000  -3.306765   0.015000
 169.000000  -3.237747   0.015000
 170.000000  -3.168729   0.015000
 171.000000  -3.099711   0.015000
 172.000000  -3.030693   0.015000
 173.000000  -2.961674   0.015000
 174.000000  -2.892656   0.015000
 175.000000  -2.823638   0.015000
 176.000000  -2.754620   0.015000
 177.000000  -2.685602   0.015000
 178.000000  -2.616584   0.015000
 179.000000  -2.547565   0.015000
 180.000000  -2.478547   0.015000
 181.000000  -2.409529   0.015000
 182.000000  -2.340511   0.015000
 183.000000  -2.271493   0.015000
 184.000000  -2.202475   0.015000
 185.000000  -2.133456   0.015000
 186.000000  -2.064438   0.015000
 187.000000  -1.995420   0.015000
 188.000000  -1.926402   0.015000
 189.000000  -1.857384   0.015000
 190.000000  -1.788366   0.015000
 191.000000  -1.719347   0.015000
 192.000000  -1.650329   0.015000
 193.000000  -1.581311   0.015000
 194.000000  -1.512293   0.015000
 195.000000  -1.443275   0.015000
 196.000000  -1.374257   0.015000
 197.000000  -1.305239   0.015000
 198.000000  -1.236220   0.015000
 199.000000  -1.167202   0.015000
 200.000000  -1.098184   0.015000
 201.000000  -1.029166   0.015000
 202.000000  -0.960148   0.015000
 203.000000  -0.891130   0.015000
 204.000000  -0.822111   0.015000
 205.000000  -0.753093   0.015000
 206.000000  -0.684075   0.015000
 207.000000  -0.615057   0.015000
 208.000000  -0.546039   0.015000
 209.000000  -0.477021   0.015000
 210.000000  -0.408002   0.015000
 211.000000  -0.338984   0.015000
 212.000000  -0.269966   0.015000
 213.000000  -0.200948   0.015000
 214.000000  -0.131930   0.015000
 215.000000  -0.062912   0.015000
 216.000000   0.006107   0.015000
 217.000000   0.075125   0.015000
 218.000000   0.144143   0.015000
 219.000000   0.213161   0.015000
 220.000000   0.282179   0.015000
 221.000000   0.342057   0.015000
 222.000000   0.422935   0.015000
 223.000000   0.497485   0.015000
 224.000000   0.581866   0.015000
 225.000000   0.663501   0.015000
 226.000000   0.747595   0.015000
 227.000000   0.829252   0.015000
 228.000000   0.899262   0.015000
 229.000000   0.968145   0.015000
 230.000000   1.042771   0.015000
 231.000000   1.116388   0.015000
 232.000000   1.182891   0.015000
 233.000000   1.230266   0.015000
 234.000000   1.274828   0.015000
 235.000000   1.315773   0.015000
 236.000000   1.353402   0.015000
 237.000000   1.386583   0.015000
 238.000000   1.417598   0.015000
 239.000000   1.454200   0.015000
 240.000000   1.494561   0.015000
 241.000000   1.515693   0.015000
 242.000000   1.550358   0.015000
 243.000000   1.607630   0.015000
 244.000000   1.669625   0.015000
 245.000000   1.730898   0.015000
 246.000000   1.752005   0.015000
 247.000000   1.785285   0.015000
 248.000000   1.839219   0.015000
 249.000000   1.915823   0.015000
 250.000000   2.027039   0.015000
 251.000000   2.150268   0.015000
 252.000000   2.279402   0.015000
 253.000000   2.380677   0.015000
 254.000000   2.448154   0.015000
 255.000000   2.523241   0.015000
 256.000000   2.592072   0.015000
 257.000000   2.748016   0.015000
 258.000000   2.973129   0.015000
 259.000000   3.335702   0.015000
 260.000000   3.715937   0.015000
 261.000000   4.065789   0.015000
 262.000000   4.354232   0.015000
 263.000000   4.700564   0.015000
 264.000000   5.011558   0.015000
 265.000000   5.293217   0.015000
 266.000000   5.544619   0.015000
 267.000000   5.700142   0.015000
 268.000000   5.758803   0.015000
 269.000000   5.829292   0.015000
 270.000000   6.064484   0.015000
 271.000000   6.273942   0.015000
 272.000000   6.471923   0.015000
 273.000000   6.545810   0.015000
 274.000000   6.732402   0.015000
 275.000000   6.952357   0.015000
 276.000000   7.037731   0.015000
 277.000000   7.088356   0.015000
 278.000000   7.210835   0.015000
 279.000000   7.453751   0.015000
 280.000000   7.687230   0.015000
 281.000000   7.839140   0.015000
 282.000000   7.998815   0.015000
 283.000000   8.161296   0.015000
 284.000000   8.336565   0.015000
 285.000000   8.456664   0.015000
 286.000000   8.507433   0.015000
